# Fix print output for fix def1
1.22377566604883e-15 -0.0311565652637112 -0.0194904317329246 -0.0151559134640079
0.00100000000000124 0.101636079687263 0.0420891133855407 0.0559733533425822
0.00200000000000127 0.0968119124498202 -0.0343660463849883 -0.0386317204005853
0.00300000000000129 0.197423899435495 0.0289911817013437 0.00104602502035203
0.00400000000000131 0.261753730064683 0.00957224807155182 -0.00820807612502399
0.00500000000000133 0.300557699105415 -0.0324888386681741 0.0036869970449745
0.00600000000000135 0.395062928519901 0.026396870658689 0.0120889960679276
0.00700000000000137 0.453191522902169 -0.0147677986680042 -0.0024954276188001
0.00800000000000139 0.498550421494163 0.0150372196954044 -0.0011969115591782
0.00900000000000124 0.527227985628297 -0.0242086666890941 -0.0119115822241667
0.0100000000000013 0.646972067343461 0.0357977094807044 0.0304654221797861
0.0110000000000013 0.686715394031033 0.0161703795494111 -0.0322165540321124
0.0120000000000013 0.756694944345643 0.0109246826853585 0.0042983434918122
0.0130000000000013 0.827992569698527 -0.00166175938591662 0.0252384676734103
0.0140000000000013 0.880097718810421 -0.020309700283483 -0.000421266067425811
0.0150000000000014 0.958532927632617 0.0354496540327224 -0.00921562654350682
0.0160000000000014 1.0217112949606 0.0180204026501081 -0.0424453543459491
0.0170000000000014 1.05331944264252 0.0260552922840024 0.0161600483629935
0.0180000000000012 1.11119937366815 -0.0187888452084183 -0.00618951814107002
0.0190000000000013 1.21841031018464 0.0227624242425316 0.0212731471666945
0.0200000000000013 1.23630563932164 0.0155046312534047 -0.0326088168973438
0.0210000000000013 1.32997743605606 0.0111863711817903 -0.0328141772061133
0.0220000000000013 1.39637293352891 0.0101458717812602 0.0140002054050163
0.0230000000000014 1.43098282672342 -0.03106343173596 -0.00793607755071105
0.0240000000000014 1.52051039048328 0.0120741535874358 0.0327034075943471
0.0250000000000014 1.54548991576311 0.0100561834935672 -0.0442727580647322
0.0260000000000014 1.65559062055285 0.0579427935856786 0.0102678538174244
0.0270000000000013 1.68029881990128 -0.0281736798890184 -0.0220478068968385
0.0280000000000013 1.78402696276457 0.0132029591717482 0.0022430389658577
0.0290000000000013 1.83241861489038 -0.00108476466763652 0.0153042806880695
0.0300000000000013 1.86625361813519 -0.0117017451466694 -0.0470100015473312
0.0310000000000013 1.96537992195128 0.0382477265706093 0.0440691921253909
0.0320000000000014 1.99049808493856 -0.0426766811463141 -0.053477781987592
0.0330000000000014 2.1212991163456 0.016320516910009 0.032089627096599
0.0340000000000014 2.14957302073223 -0.0482580211192702 0.00669425347445257
0.0350000000000014 2.16296316115776 0.0173696029366885 -0.00481199668330096
0.0360000000000013 2.28701503919068 0.0327380612210927 -0.0136120788480315
0.0370000000000013 2.30782568980443 -0.0279560016660572 -0.0303256092326401
0.0380000000000013 2.37030419248903 -0.0359928389532335 0.0431334440572876
0.0390000000000013 2.42958415376897 -0.0285248781676668 0.0422673482814556
0.0400000000000014 2.51381000393655 -0.015651979555643 -0.00785210584677441
0.0410000000000014 2.57739275361468 0.00685776967418955 0.013649740541128
0.0420000000000014 2.63352112124215 -0.0313262491827746 -0.0522148461325382
0.0430000000000014 2.72564084166986 0.0128368352190964 0.0056678229132958
0.0440000000000014 2.72004398673171 -0.0453321974692763 -0.0415610635655156
0.0450000000000013 2.84240467777838 0.00525345469137213 0.0216943981380833
0.0460000000000013 2.88206427454474 0.00757254303605904 -0.0295365848844691
0.0470000000000013 2.94575807991623 -0.0082360777874267 -0.0216870490450717
0.0480000000000013 3.00744295996971 0.0313357000178548 0.00973829469410688
0.0490000000000014 3.03019830389821 -0.048844823097061 -0.0284813649847673
0.0500000000000014 3.14528299027664 0.0215861442391687 0.0404080715163113
0.0510000000000014 3.13429979869859 -0.0273271695023398 -0.0579701119287333
0.0520000000000014 3.30134395962576 0.0677632047514421 0.049164345737609
0.0530000000000015 3.28748678009688 -0.0176319706539125 -0.0139885167768438
0.0540000000000013 3.36269115334142 0.0183434549277024 0.011751751185632
0.0550000000000015 3.41841683819222 0.0178154138450875 0.0121478623715412
0.0560000000000013 3.41436148432917 -0.0472394285871768 -0.0467656130562496
0.0570000000000014 3.56504649472264 0.0215080875747941 0.0648964524185583
0.0580000000000014 3.57547178255113 -0.0401615042320798 -0.0338497927986435
0.0590000000000014 3.64235642401015 0.0592830461212974 0.0162406162788491
0.0600000000000014 3.69585828860038 -0.0241709603410718 -0.046260753155102
0.0610000000000014 3.74584405040357 0.00762090033798365 0.00225418146248026
0.0620000000000015 3.81299348795041 -0.00440004473551398 0.0177252157530193
0.0630000000000013 3.85121398293166 -0.0186234109425367 0.00503442331650941
0.0640000000000013 3.9322621992877 0.028868704435871 0.0401556655706279
0.0650000000000013 3.95602197790136 0.0261889431062936 -0.0741903403758187
0.0660000000000014 4.01416496886084 0.0341920637020756 -0.0062927578214774
0.0670000000000014 4.10460330405536 -0.0414438532330347 0.0291187475939727
0.0680000000000014 4.16034654668508 -0.0301788051803147 0.0124885551898797
0.0690000000000014 4.20032531515318 -0.00177333737908114 -0.00394914548906553
0.0700000000000014 4.24407671515308 -0.000722414896529482 -0.00348844979350336
0.0710000000000015 4.32522699334613 0.0258392943576377 -0.0220960038679184
0.0720000000000013 4.36320074443232 0.00838514168688776 0.00627058268098592
0.0730000000000013 4.42935038135 -0.0273903032114356 0.0413742202089373
0.0740000000000014 4.51000783072992 0.0093167199041175 0.0225594633034151
0.0750000000000014 4.54455201039182 -0.0167202838036785 -0.0407407181443225
0.0760000000000014 4.57950971064206 0.0231470835136208 -0.00948149489482267
0.0770000000000014 4.61636814619181 -0.049150501880005 -0.0222791729138241
0.0780000000000014 4.72759287626549 -0.00942003615492579 0.00191782383439137
0.0790000000000015 4.75687355663814 -0.0129117674662158 0.00768643376894786
0.0800000000000015 4.83458373425245 0.0122901612187807 -0.0196549646278583
0.0810000000000013 4.88232110629713 0.0397210216954057 0.0110128281758011
0.0820000000000013 4.94332438833563 0.0012793955823834 -0.0111802985943947
0.0830000000000014 4.99388418806532 -0.00242593893885362 0.00775968956026852
0.0840000000000014 5.0843703658422 0.0125265361309515 0.0231823745897703
0.0850000000000014 5.09977965947949 -0.0347330693350367 -0.0395243847686563
0.0860000000000014 5.19224429229293 0.0472520407814713 0.0457332755942023
0.0870000000000015 5.21803897446537 -0.00701215315934698 -0.0394513544799494
0.0880000000000015 5.30068563006212 0.0275266760140496 -0.00156088660097762
0.0890000000000015 5.3355380661123 -0.0179435145587428 0.0261321513322343
0.0900000000000013 5.36406479186361 -0.0229647451279199 -0.0329177888787529
0.0910000000000015 5.4992574833872 0.0516802622051195 0.0103456120507411
0.0920000000000014 5.45345175325856 -0.0136718460640108 -0.0540750419075087
0.0930000000000014 5.59713519056921 0.048538896553262 0.00192193115077209
0.0940000000000014 5.57597072181746 0.0198070791120381 -0.022390812797144
0.0950000000000015 5.61296905322699 -0.0571457732446013 -0.0215242034246277
0.0960000000000015 5.73231071600296 0.00415823649373083 0.0734330058829474
0.0970000000000015 5.71986515580873 -0.0711025236847847 -0.0674133722670594
0.0980000000000015 5.85518214033604 0.143835937057043 0.0566447013472337
0.0990000000000014 5.83938412900597 -0.0428647544164518 -0.093183099460007
0.100000000000001 5.98428369273835 0.0753545169088425 0.0572636855933978
0.101000000000001 5.97236681888338 -0.0191777143770704 -0.0298683667102447
0.102000000000001 6.00072701392718 -0.000200221387465475 0.0113982833139935
0.103000000000001 6.08475722905368 0.00493540371493701 0.0269460575912261
0.104000000000001 6.14754997375661 -0.02143584933231 -0.00970644540420727
0.105000000000001 6.17737264736191 0.0168867248716288 0.0224098443436625
0.106000000000002 6.17596247663881 -0.00335733017531289 -0.0485232244314996
0.107000000000002 6.32575515599528 0.0401836073113675 0.0218441218393987
0.108000000000001 6.34016755927189 -0.0378956646451925 -0.00771174110360997
0.109000000000002 6.41163682591738 0.0429511230850978 0.0553974209213058
0.110000000000001 6.39996482173548 -0.0694996750173122 -0.0307993868997466
0.111000000000001 6.47782736895565 0.0175187827268142 0.0317230682131485
0.112000000000001 6.52733888171934 0.000327972432293575 0.00563572704526185
0.113000000000001 6.57220370701735 0.0272441615058418 -0.0215801944250097
0.114000000000002 6.61887616443668 0.00360289678584259 -0.0212130109106647
0.115000000000002 6.66012831589635 -0.0423831617638216 -0.0215483039260505
0.116000000000002 6.73034768744071 -0.0129769847175883 -0.00540141342197675
0.117000000000001 6.78710350522257 0.0149832499405573 0.0191858768316714
0.118000000000001 6.83092059721574 -0.0350529947035583 -0.026374760010511
0.119000000000001 6.89486566268634 0.0652324648600931 -0.0131418814698254
0.120000000000001 6.96180207036428 -0.056570531037842 -0.0470759574178348
0.121000000000001 7.02681488643946 0.0364397168237591 0.0530924296312233
0.122000000000001 7.01061470991353 -0.0313780804742812 -0.047016782016445
0.123000000000002 7.09637710986424 0.00334679497228424 0.031083144285501
0.124000000000002 7.15878887189332 0.00577481935605506 -0.00131545974409112
0.125000000000002 7.17076130404308 -0.0398148645684452 -0.0344405806761008
0.126000000000001 7.22872871212158 0.0833430669534212 0.0329879981508455
0.127000000000002 7.22427233119806 -0.0641563146329657 -0.0661646318847062
0.128000000000001 7.39786582655813 0.0184709451078127 0.0840287700247024
0.129000000000001 7.34973621822616 -0.0368306424204787 0.0116676722545733
0.130000000000001 7.40857957151029 -0.00884067009291528 -0.00986685284534147
0.131000000000002 7.52484042927075 0.0772179373447925 0.0276126049834307
0.132000000000002 7.5110187351013 -0.0439322413262618 -0.0540440232782657
0.133000000000002 7.55967312495589 0.0485398148432212 0.0896513793457304
0.134000000000002 7.58322421338764 -0.0669467711880301 -0.0670658976344557
0.135000000000001 7.63711285238253 0.0908181649546295 0.00472661385477041
0.136000000000002 7.66039628864987 -0.00852744287947704 -0.0264847177825392
0.137000000000001 7.66083020447937 -0.0115059224439522 0.0189418032893352
0.138000000000001 7.71850701514607 -0.00315487766615383 -0.00794413598144036
0.139000000000001 7.77937991950811 0.0610908193543869 -0.0601750739752383
0.140000000000002 7.79252909006356 0.023636005806607 0.0336263036526171
0.141000000000002 7.80474335663752 -0.0855460242210842 -0.0115605352760978
0.142000000000002 7.91391347639649 0.0815433932084018 0.0574207881137663
0.143000000000002 7.91006646249355 -0.0547146624269163 -0.0797218867567502
0.144000000000001 7.94709440065504 0.109499745826729 0.0804750549649506
0.145000000000002 7.87965894527541 -0.0394501354766297 -0.0770078560286762
0.146000000000001 7.92428790454427 0.0257363880029576 0.0594280491074742
0.147000000000001 7.93622453826009 -0.0391894569115418 -0.0258724040068286
0.148000000000002 8.06385067110372 -0.0106144571655097 -0.00787400423007849
0.149000000000002 8.11918328701784 0.0562968389436845 0.0265571201670375
0.150000000000002 8.08673451404698 -0.0847964380641906 -0.0603615497348766
0.151000000000002 8.13963842152605 0.11775114203793 0.097260084750975
0.152000000000002 8.02268862576669 -0.125938289978934 -0.107621944909589
0.153000000000001 8.10451734494315 0.0935795454446286 0.0432688037708546
0.154000000000002 7.89440917229367 -0.0800138782038006 -0.0376881525676201
0.155000000000001 7.77258972709321 0.0631813239904499 0.0339322546642986
0.156000000000001 7.36520363999611 -0.0233947133825453 -0.0408519759728359
0.157000000000002 6.85546456667719 0.0527219051653039 0.0447266435667106
0.158000000000002 6.15049325605101 -0.0683092774262003 0.0429585082076386
0.159000000000002 5.26796318776647 -0.00683848292196255 0.0726473434878957
0.160000000000002 4.46178743415302 0.0192452443417815 -0.00768928355003286
0.161000000000002 3.75909040010733 0.0293077483603801 -0.00870779690016513
0.162000000000001 3.33905839731789 0.0725358381752027 0.0511294616081206
0.163000000000002 2.9919692462057 -0.0369835310577459 0.0647011052312958
0.164000000000001 2.69867027134704 0.0352243828745118 -0.016155222089261
0.165000000000002 2.3963001545036 0.0500940068302057 0.00824254292245934
0.166000000000002 2.30386513091113 0.0227206215221607 -0.0202108002658551
0.167000000000002 2.16391899550745 -0.0266038571804386 0.0176543826723104
0.168000000000002 1.96886240360301 0.00659975594388658 0.0524979127182862
0.169000000000002 1.83116874591361 0.00240825611175065 -0.0264375002565009
0.170000000000002 1.70461715874859 0.0207601834826526 0.134994697521465
0.171000000000001 1.62443941079783 -0.0748328759883883 -0.111158139732268
0.172000000000002 1.6873402759322 0.0842349919221518 0.0602416815452519
0.173000000000002 1.49617123668136 -0.161567907465776 0.0276569177473244
0.174000000000002 1.52811434353559 0.0480813380894613 -0.0253994456567022
0.175000000000002 1.53296846570265 0.0454799821906152 0.0541490940929257
0.176000000000002 1.31338392469601 -0.110248441992716 -0.0561309309686674
0.177000000000002 1.41625744939506 0.0648675030654803 0.104204205511883
0.178000000000002 1.38570283646418 -0.131993852690376 0.0148472670701057
0.179000000000002 1.37894271585691 0.0505042729833204 0.0652790945190487
0.180000000000001 1.30338948447883 0.0527156649967381 -0.0992749041071556
0.181000000000002 1.40679832067649 -0.000454866671131527 -0.0595384821802769
0.182000000000002 1.48560424734027 0.0546327499641001 0.122049228514994
0.183000000000002 1.31471481599583 -0.157005578144646 -0.0788007823357136
0.184000000000002 1.58253485518215 0.140032563633381 0.118760081013781
0.185000000000002 1.36070851505318 -0.146836461125557 -0.0451470063734286
0.186000000000002 1.5428613500813 0.0607404080575001 0.0325121060920849
0.187000000000002 1.48612526178859 -0.0347489272058364 0.0235968334471638
0.188000000000002 1.51012941316393 -0.0613511138471531 -0.113533332821577
0.189000000000001 1.62272487665307 0.135563194840341 0.0999928476013062
0.190000000000002 1.40916913162758 -0.0845091037296054 -0.185759456896652
0.191000000000002 1.57400196231292 0.0549248106431936 0.127368219609218
0.192000000000002 1.45497727349841 -0.129835802481319 -0.0258196003914076
0.193000000000002 1.60452614310152 0.0422518489762736 0.0486173500359214
0.194000000000002 1.48951658130843 0.0919321979861794 -0.00893569732851079
0.195000000000002 1.39736695933482 -0.0518198160039783 -0.083997659396346
0.196000000000001 1.50296186340754 0.0868184766974423 0.0995805940046467
0.197000000000002 1.50515359323988 -0.0472310107277974 -0.0553866341439555
0.198000000000002 1.61925947147255 0.0601274650892958 0.0234406006712103
0.199000000000002 1.63625369906833 -0.0356188566555356 -0.0577348888872939
0.200000000000002 1.72941974890459 0.00604259628919585 0.0819682339484705
