Step	Time	Atoms	Temp	PotEng	KinEng	TotEng	Density
0	0	14361	1500	-48015.209	2784.2635	-45230.945	2.6592611
5000	5	14361	773.3895	-46645.324	1435.5468	-45209.777	2.5773891
10000	10	14361	781.41255	-46579.012	1450.439	-45128.573	2.5596426
15000	15	14361	779.4626	-46725.963	1446.8195	-45279.144	2.6510531
20000	20	14361	781.87318	-46655.35	1451.294	-45204.056	2.5867815
25000	25	14361	771.16942	-46562.674	1431.4259	-45131.248	2.5593532
30000	30	14361	780.29782	-46717.355	1448.3698	-45268.985	2.6406958
35000	35	14361	771.86331	-46680.073	1432.7139	-45247.359	2.5961184
40000	40	14361	779.23292	-46550.512	1446.3932	-45104.119	2.553231
45000	45	14361	783.20845	-46697.619	1453.7725	-45243.846	2.6239577
50000	50	14361	780.37894	-46706.169	1448.5204	-45257.648	2.6021096
55000	55	14361	782.01369	-46525.48	1451.5548	-45073.926	2.5520279
60000	60	14361	776.94533	-46709.925	1442.147	-45267.778	2.616006
65000	65	14361	778.98032	-46713.98	1445.9243	-45268.055	2.6208828
70000	70	14361	780.98938	-46533.144	1449.6535	-45083.49	2.5480024
75000	75	14361	770.27337	-46690.908	1429.7627	-45261.145	2.6050643
80000	80	14361	781.512	-46717.827	1450.6236	-45267.204	2.6263316
85000	85	14361	777.83129	-46538.487	1443.7915	-45094.696	2.5532964
90000	90	14361	781.76287	-46686.315	1451.0892	-45235.226	2.5967185
95000	95	14361	779.79709	-46707.321	1447.4404	-45259.88	2.636137
100000	100	14361	777.35049	-46578.17	1442.8991	-45135.271	2.5620081
105000	105	14361	781.5413	-46639.922	1450.678	-45189.244	2.5902802
110000	110	14361	784.13092	-46714.064	1455.4847	-45258.579	2.6377722
115000	115	14361	770.2917	-46603.559	1429.7967	-45173.762	2.5657485
120000	120	14361	771.86998	-46638.513	1432.7263	-45205.787	2.5768368
125000	125	14361	774.56195	-46698.438	1437.7231	-45260.715	2.6353125
130000	130	14361	773.02398	-46634.889	1434.8683	-45200.021	2.5766787
135000	135	14361	779.55377	-46604.065	1446.9887	-45157.076	2.570772
140000	140	14361	782.02796	-46699.421	1451.5813	-45247.84	2.6310577
145000	145	14361	785.73679	-46665.797	1458.4655	-45207.331	2.5801792
150000	150	14361	776.9767	-46604.858	1442.2052	-45162.652	2.5591779
155000	155	14361	780.69568	-46700.575	1449.1083	-45251.467	2.6265064
160000	160	14361	774.73057	-46683.428	1438.036	-45245.392	2.5951609
165000	165	14361	776.37181	-46584.288	1441.0825	-45143.205	2.5661552
170000	170	14361	773.60833	-46701.746	1435.953	-45265.793	2.6220673
175000	175	14361	776.88188	-46686.494	1442.0293	-45244.464	2.6026385
180000	180	14361	786.42486	-46581.107	1459.7427	-45121.364	2.5621571
185000	185	14361	778.49609	-46698.539	1445.0255	-45253.514	2.6156144
190000	190	14361	789.35277	-46692.407	1465.1774	-45227.229	2.6120426
195000	195	14361	776.14233	-46572.402	1440.6565	-45131.746	2.5619033
200000	200	14361	786.12871	-46683.628	1459.193	-45224.435	2.6082666
205000	205	14361	785.70093	-46686.748	1458.399	-45228.349	2.6175985
210000	210	14361	778.17046	-46576.13	1444.4211	-45131.709	2.5587279
215000	215	14361	782.46712	-46683.044	1452.3964	-45230.648	2.601864
220000	220	14361	781.13379	-46703.356	1449.9216	-45253.434	2.6209011
225000	225	14361	780.2436	-46586.411	1448.2692	-45138.142	2.5676584
230000	230	14361	776.72699	-46665.923	1441.7418	-45224.182	2.5937786
235000	235	14361	765.58111	-46703.354	1421.053	-45282.301	2.6284522
240000	240	14361	790.1243	-46608.785	1466.6095	-45142.175	2.5677645
245000	245	14361	782.54164	-46665.634	1452.5348	-45213.099	2.59047
250000	250	14361	774.25009	-46702.353	1437.1442	-45265.209	2.6250411
255000	255	14361	782.04102	-46629.344	1451.6055	-45177.738	2.5747117
260000	260	14361	779.457	-46663.35	1446.8091	-45216.54	2.5860972
265000	265	14361	782.4976	-46702.574	1452.453	-45250.121	2.6269118
270000	270	14361	772.32677	-46633.1	1433.5742	-45199.526	2.5820027
275000	275	14361	777.74315	-46612.466	1443.6279	-45168.838	2.5764738
280000	280	14361	776.41726	-46708.18	1441.1668	-45267.013	2.6218573
285000	285	14361	784.80819	-46658.602	1456.7419	-45201.86	2.586423
290000	290	14361	782.33098	-46627.078	1452.1437	-45174.935	2.5739729
295000	295	14361	776.89578	-46699.607	1442.0551	-45257.552	2.6227806
300000	300	14361	776.64354	-46672.609	1441.5869	-45231.022	2.5901451
305000	305	14361	776.35176	-46612.554	1441.0453	-45171.508	2.5734958
310000	310	14361	780.44958	-46682.037	1448.6515	-45233.386	2.6192588
315000	315	14361	779.2962	-46684.359	1446.5107	-45237.849	2.5979477
320000	320	14361	785.02591	-46605.53	1457.146	-45148.384	2.5687692
325000	325	14361	770.74327	-46695.838	1430.6349	-45265.203	2.6157173
330000	330	14361	781.04829	-46697.084	1449.7629	-45247.322	2.60411
335000	335	14361	778.50524	-46609.342	1445.0425	-45164.3	2.5677427
340000	340	14361	775.22593	-46678.787	1438.9555	-45239.832	2.6070436
345000	345	14361	773.21876	-46683.564	1435.2299	-45248.334	2.6066232
350000	350	14361	778.20116	-46623.35	1444.4781	-45178.872	2.5722544
355000	355	14361	775.51615	-46687.147	1439.4942	-45247.653	2.6047144
360000	360	14361	784.94024	-46691.483	1456.987	-45234.496	2.6105982
365000	365	14361	782.14939	-46600.805	1451.8067	-45148.998	2.5732141
370000	370	14361	785.08649	-46673.019	1457.2584	-45215.761	2.5980009
375000	375	14361	781.56074	-46687.357	1450.714	-45236.643	2.6171981
380000	380	14361	776.49762	-46614.192	1441.316	-45172.876	2.577232
385000	385	14361	782.81674	-46658.659	1453.0454	-45205.613	2.5898897
390000	390	14361	777.11481	-46704.531	1442.4616	-45262.069	2.6180115
395000	395	14361	778.64457	-46628.58	1445.3011	-45183.279	2.5815917
400000	400	14361	781.89157	-46666.622	1451.3281	-45215.294	2.5899076
405000	405	14361	777.63492	-46693.805	1443.427	-45250.378	2.6151331
410000	410	14361	779.33102	-46651.849	1446.5753	-45205.274	2.5867784
415000	415	14361	775.42664	-46653.809	1439.3281	-45214.481	2.5861863
420000	420	14361	781.22446	-46682.697	1450.0899	-45232.608	2.6135674
425000	425	14361	776.34837	-46655.679	1441.039	-45214.64	2.5859617
430000	430	14361	774.62925	-46641.648	1437.848	-45203.8	2.5825202
435000	435	14361	777.31819	-46701.312	1442.8391	-45258.473	2.613945
440000	440	14361	779.21298	-46660.697	1446.3562	-45214.34	2.5927783
445000	445	14361	781.88464	-46642.723	1451.3152	-45191.408	2.5817231
450000	450	14361	777.03306	-46688.467	1442.3099	-45246.157	2.6133516
455000	455	14361	780.55166	-46666.472	1448.841	-45217.631	2.5925614
460000	460	14361	778.20307	-46628.237	1444.4816	-45183.755	2.5745511
465000	465	14361	773.69316	-46693.905	1436.1104	-45257.795	2.6135067
470000	470	14361	782.37252	-46669.418	1452.2208	-45217.197	2.6019946
475000	475	14361	779.58481	-46644.317	1447.0464	-45197.271	2.5758359
480000	480	14361	775.2431	-46692.326	1438.9874	-45253.338	2.6119526
485000	485	14361	788.01394	-46686.934	1462.6923	-45224.242	2.604683
490000	490	14361	781.46963	-46620.049	1450.5449	-45169.504	2.5774268
495000	495	14361	788.22168	-46692.536	1463.0779	-45229.458	2.6053662
500000	500	14361	785.41328	-46680.315	1457.865	-45222.45	2.6057134
505000	505	14361	779.32105	-46623.314	1446.5568	-45176.757	2.5809263
510000	510	14361	777.79591	-46664.48	1443.7259	-45220.754	2.6006047
515000	515	14361	774.79021	-46681.495	1438.1467	-45243.348	2.6070796
520000	520	14361	784.97967	-46617.48	1457.0602	-45160.419	2.5799121
525000	525	14361	778.02795	-46684.798	1444.1566	-45240.642	2.5954642
530000	530	14361	779.05342	-46694.113	1446.06	-45248.053	2.6131333
535000	535	14361	774.63608	-46623.936	1437.8607	-45186.075	2.5797875
540000	540	14361	773.60055	-46673.937	1435.9385	-45237.998	2.5944203
545000	545	14361	775.61611	-46699.996	1439.6798	-45260.316	2.6133956
550000	550	14361	776.61679	-46645.169	1441.5372	-45203.632	2.5833478
555000	555	14361	783.90988	-46661.661	1455.0745	-45206.587	2.5879379
560000	560	14361	776.46992	-46686.478	1441.2646	-45245.213	2.6110037
565000	565	14361	781.46819	-46669.913	1450.5422	-45219.37	2.5867689
570000	570	14361	771.61118	-46657.63	1432.2459	-45225.384	2.5844404
575000	575	14361	781.64391	-46689.422	1450.8684	-45238.553	2.610822
580000	580	14361	787.05716	-46642.952	1460.9164	-45182.036	2.5896805
585000	585	14361	777.95711	-46646.816	1444.0251	-45202.791	2.583383
590000	590	14361	777.09881	-46699.411	1442.4319	-45256.979	2.6080662
595000	595	14361	776.32019	-46673.13	1440.9867	-45232.143	2.5910801
600000	600	14361	774.26575	-46655.995	1437.1733	-45218.822	2.58479
605000	605	14361	779.62488	-46694.604	1447.1207	-45247.483	2.6095332
610000	610	14361	781.5115	-46676.939	1450.6226	-45226.316	2.596487
615000	615	14361	780.67165	-46658.388	1449.0637	-45209.324	2.5839102
620000	620	14361	779.13093	-46688.53	1446.2039	-45242.326	2.6065504
625000	625	14361	782.27354	-46681.753	1452.0371	-45229.715	2.601556
630000	630	14361	774.59248	-46647.997	1437.7797	-45210.218	2.5817228
635000	635	14361	784.85066	-46699.952	1456.8207	-45243.131	2.6052819
640000	640	14361	779.19198	-46677.253	1446.3172	-45230.936	2.6034629
645000	645	14361	778.5332	-46653.644	1445.0944	-45208.549	2.584963
650000	650	14361	771.12328	-46682.192	1431.3403	-45250.852	2.6003523
655000	655	14361	776.40781	-46684.195	1441.1493	-45243.046	2.5998777
660000	660	14361	776.59974	-46663.709	1441.5056	-45222.203	2.5897045
665000	665	14361	779.13749	-46695.544	1446.2161	-45249.328	2.5992363
670000	670	14361	783.61989	-46682.962	1454.5362	-45228.426	2.6039972
675000	675	14361	781.98845	-46657.875	1451.5079	-45206.367	2.5865875
680000	680	14361	784.76014	-46680.573	1456.6527	-45223.921	2.5996922
685000	685	14361	783.52986	-46703.178	1454.3691	-45248.808	2.599418
690000	690	14361	780.95829	-46667.308	1449.5958	-45217.712	2.587383
695000	695	14361	770.36494	-46693.199	1429.9327	-45263.267	2.59549
700000	700	14361	777.89605	-46693.342	1443.9117	-45249.431	2.610035
705000	705	14361	778.89034	-46667.216	1445.7573	-45221.459	2.5870246
710000	710	14361	773.73444	-46684.145	1436.1871	-45247.958	2.5921938
715000	715	14361	778.3247	-46685.521	1444.7074	-45240.814	2.6088442
720000	720	14361	769.83819	-46664.237	1428.9549	-45235.282	2.5902471
725000	725	14361	784.0949	-46666.956	1455.4179	-45211.538	2.5895677
730000	730	14361	784.67069	-46682.572	1456.4867	-45226.085	2.6099871
735000	735	14361	779.14252	-46664.701	1446.2254	-45218.476	2.5913951
740000	740	14361	780.89355	-46670.194	1449.4756	-45220.719	2.5887302
745000	745	14361	779.88131	-46690.021	1447.5967	-45242.424	2.604986
750000	750	14361	775.36387	-46686.716	1439.2116	-45247.504	2.5902144
755000	755	14361	781.56811	-46654.032	1450.7277	-45203.305	2.5900848
760000	760	14361	779.67079	-46682.255	1447.206	-45235.049	2.6049669
765000	765	14361	775.26723	-46671.655	1439.0322	-45232.623	2.5961032
770000	770	14361	780.96562	-46642.713	1449.6094	-45193.103	2.5859133
775000	775	14361	777.35062	-46679.815	1442.8993	-45236.916	2.6009601
780000	780	14361	776.21559	-46676.31	1440.7925	-45235.518	2.5971355
785000	785	14361	784.49774	-46678.878	1456.1656	-45222.712	2.5869109
790000	790	14361	784.43451	-46684.716	1456.0483	-45228.668	2.6017294
795000	795	14361	785.3691	-46688.823	1457.783	-45231.04	2.600339
800000	800	14361	782.64743	-46638.361	1452.7311	-45185.63	2.5811041
805000	805	14361	788.62671	-46671.049	1463.8297	-45207.219	2.6026302
810000	810	14361	781.33075	-46672.57	1450.2871	-45222.283	2.6034916
815000	815	14361	777.98154	-46636.736	1444.0704	-45192.665	2.5849771
820000	820	14361	773.80226	-46676.913	1436.3129	-45240.6	2.5976871
825000	825	14361	771.89881	-46701.109	1432.7798	-45268.329	2.6023641
830000	830	14361	773.44054	-46626.325	1435.6415	-45190.683	2.5852238
835000	835	14361	781.31809	-46694.326	1450.2636	-45244.063	2.5949014
840000	840	14361	769.44619	-46678.312	1428.2273	-45250.085	2.6062316
845000	845	14361	773.58709	-46669.654	1435.9135	-45233.74	2.588455
850000	850	14361	789.79686	-46677.001	1466.0017	-45210.999	2.5980579
855000	855	14361	785.15461	-46685.678	1457.3849	-45228.293	2.6049268
860000	860	14361	777.23679	-46654.753	1442.688	-45212.065	2.5886017
865000	865	14361	783.60766	-46673.924	1454.5135	-45219.411	2.5887165
870000	870	14361	780.18959	-46689.619	1448.1689	-45241.45	2.6049356
875000	875	14361	782.38953	-46661.533	1452.2524	-45209.281	2.5908596
880000	880	14361	767.59437	-46677.875	1424.79	-45253.085	2.5936069
885000	885	14361	776.91904	-46698.937	1442.0982	-45256.838	2.6028996
890000	890	14361	768.89611	-46679.311	1427.2063	-45252.104	2.5908143
895000	895	14361	783.48153	-46653.103	1454.2794	-45198.823	2.5926241
900000	900	14361	776.16455	-46691.213	1440.6978	-45250.515	2.6057156
905000	905	14361	776.02058	-46673.193	1440.4305	-45232.763	2.5921394
910000	910	14361	772.03477	-46672.173	1433.0322	-45239.141	2.5898939
915000	915	14361	782.66122	-46686.851	1452.7567	-45234.094	2.6052367
920000	920	14361	776.84786	-46669.397	1441.9661	-45227.431	2.5917312
925000	925	14361	782.25069	-46673.569	1451.9947	-45221.575	2.5859161
930000	930	14361	782.77527	-46678.713	1452.9684	-45225.745	2.5997203
935000	935	14361	763.78314	-46674.662	1417.7157	-45256.946	2.5984289
940000	940	14361	788.80957	-46668.792	1464.1691	-45204.623	2.5902687
945000	945	14361	777.11847	-46685.112	1442.4684	-45242.644	2.5951401
950000	950	14361	782.9946	-46678.796	1453.3755	-45225.42	2.588075
955000	955	14361	785.68859	-46675.822	1458.3761	-45217.446	2.5920379
960000	960	14361	775.90568	-46681.647	1440.2172	-45241.429	2.5981801
965000	965	14361	780.13934	-46683.82	1448.0757	-45235.744	2.5915615
970000	970	14361	779.84191	-46664.592	1447.5236	-45217.068	2.5872939
975000	975	14361	776.30013	-46676.685	1440.9494	-45235.735	2.5981765
980000	980	14361	777.03669	-46681.9	1442.3166	-45239.583	2.5947602
985000	985	14361	771.85704	-46670.831	1432.7023	-45238.129	2.5880166
990000	990	14361	787.80918	-46672.752	1462.3122	-45210.439	2.5962995
995000	995	14361	786.86598	-46695.111	1460.5615	-45234.549	2.5976726
1000000	1000	14361	780.25257	-46690.98	1448.2858	-45242.694	2.5893033
1005000	1005	14361	777.54315	-46671.154	1443.2567	-45227.897	2.595568
1010000	1010	14361	783.5263	-46680.987	1454.3625	-45226.624	2.5924146
1015000	1015	14361	775.19162	-46662.944	1438.8918	-45224.052	2.5902513
1020000	1020	14361	780.27457	-46666.762	1448.3267	-45218.435	2.5903946
1025000	1025	14361	775.24613	-46680.102	1438.993	-45241.109	2.5996108
1030000	1030	14361	775.18494	-46666.936	1438.8794	-45228.057	2.5846251
1035000	1035	14361	780.57491	-46677.017	1448.8842	-45228.133	2.5890054
1040000	1040	14361	784.34669	-46701.64	1455.8853	-45245.754	2.6002582
1045000	1045	14361	776.10261	-46675.486	1440.5828	-45234.903	2.5905201
1050000	1050	14361	778.12647	-46686.168	1444.3394	-45241.828	2.5892966
1055000	1055	14361	787.16343	-46687.257	1461.1136	-45226.143	2.5993156
1060000	1060	14361	774.55142	-46653.737	1437.7035	-45216.033	2.5885155
1065000	1065	14361	789.039	-46661.895	1464.595	-45197.3	2.5877246
1070000	1070	14361	770.03578	-46676.765	1429.3217	-45247.443	2.5931614
1075000	1075	14361	772.58681	-46670.803	1434.0568	-45236.747	2.5881861
1080000	1080	14361	771.56752	-46682.914	1432.1649	-45250.75	2.5821258
1085000	1085	14361	787.62787	-46697.302	1461.9757	-45235.327	2.5965392
1090000	1090	14361	769.98923	-46682.197	1429.2353	-45252.962	2.5958902
1095000	1095	14361	779.35509	-46683.119	1446.62	-45236.499	2.5877722
1100000	1100	14361	785.31806	-46677.501	1457.6883	-45219.813	2.5948934
1105000	1105	14361	782.72774	-46681.151	1452.8802	-45228.27	2.5947375
1110000	1110	14361	773.33578	-46671.762	1435.4471	-45236.315	2.5893035
1115000	1115	14361	778.53324	-46686.345	1445.0945	-45241.25	2.5997482
1120000	1120	14361	775.6967	-46688.52	1439.8294	-45248.691	2.5929476
1125000	1125	14361	771.60562	-46675.897	1432.2356	-45243.662	2.5892979
1130000	1130	14361	787.24055	-46681.156	1461.2568	-45219.899	2.598136
1135000	1135	14361	785.41437	-46697.266	1457.867	-45239.399	2.5894804
1140000	1140	14361	780.11466	-46671.853	1448.0299	-45223.823	2.5891586
1145000	1145	14361	784.07178	-46689.796	1455.375	-45234.421	2.5918166
1150000	1150	14361	776.72253	-46703.994	1441.7335	-45262.26	2.5972057
1155000	1155	14361	776.1452	-46675.113	1440.6619	-45234.452	2.5849383
1160000	1160	14361	779.14721	-46710.247	1446.2341	-45264.013	2.5964767
1165000	1165	14361	783.79861	-46696.042	1454.8679	-45241.174	2.5972595
1170000	1170	14361	781.01965	-46662.648	1449.7097	-45212.938	2.5858382
1175000	1175	14361	777.16142	-46680.005	1442.5481	-45237.457	2.5976699
1180000	1180	14361	781.67039	-46692.814	1450.9176	-45241.896	2.5992623
1185000	1185	14361	779.94549	-46687.181	1447.7158	-45239.465	2.5898903
1190000	1190	14361	784.36631	-46681.558	1455.9217	-45225.636	2.5917368
1195000	1195	14361	775.4227	-46690.967	1439.3208	-45251.647	2.5971471
1200000	1200	14361	775.93192	-46662.491	1440.266	-45222.225	2.5908128
1205000	1205	14361	769.1516	-46668.699	1427.6805	-45241.018	2.593346
1210000	1210	14361	781.70986	-46695.592	1450.9908	-45244.601	2.5993228
1215000	1215	14361	779.26619	-46679.35	1446.4549	-45232.895	2.5880341
1220000	1220	14361	773.2536	-46676.71	1435.2945	-45241.415	2.5907705
1225000	1225	14361	782.77105	-46682.87	1452.9606	-45229.91	2.6031056
1230000	1230	14361	780.05363	-46674.33	1447.9166	-45226.413	2.5917374
1235000	1235	14361	774.18618	-46666.418	1437.0256	-45229.392	2.5884811
1240000	1240	14361	778.10611	-46699.838	1444.3016	-45255.537	2.5985408
1245000	1245	14361	777.4775	-46674.518	1443.1348	-45231.383	2.5872032
1250000	1250	14361	786.5422	-46672.804	1459.9605	-45212.843	2.5903165
1255000	1255	14361	775.8421	-46694.885	1440.0992	-45254.786	2.5978591
1260000	1260	14361	781.64139	-46675.159	1450.8637	-45224.295	2.5907392
1265000	1265	14361	782.86087	-46672.639	1453.1273	-45219.512	2.591957
1270000	1270	14361	774.3409	-46699.577	1437.3128	-45262.264	2.5980919
1275000	1275	14361	779.77699	-46687.215	1447.4031	-45239.812	2.5954713
1280000	1280	14361	773.54841	-46683.871	1435.8418	-45248.029	2.5874334
1285000	1285	14361	779.54008	-46690.325	1446.9633	-45243.362	2.6017118
1290000	1290	14361	780.47629	-46684.35	1448.7011	-45235.649	2.5906021
1295000	1295	14361	783.23791	-46690.946	1453.8272	-45237.119	2.5890715
1300000	1300	14361	776.98969	-46687.648	1442.2294	-45245.419	2.5963571
1305000	1305	14361	784.94279	-46674.921	1456.9917	-45217.93	2.5933436
1310000	1310	14361	781.88273	-46677.689	1451.3117	-45226.377	2.5920908
1315000	1315	14361	785.61315	-46695.67	1458.236	-45237.434	2.5972484
1320000	1320	14361	778.81109	-46684.683	1445.6102	-45239.072	2.5937913
1325000	1325	14361	782.29663	-46690.014	1452.08	-45237.934	2.5912694
1330000	1330	14361	781.29658	-46684.013	1450.2237	-45233.789	2.595263
1335000	1335	14361	772.42219	-46690.111	1433.7513	-45256.36	2.5937614
1340000	1340	14361	780.73695	-46682.397	1449.1849	-45233.212	2.5934962
1345000	1345	14361	783.69625	-46705.666	1454.6779	-45250.988	2.5925259
1350000	1350	14361	779.82679	-46702.76	1447.4955	-45255.264	2.5925966
1355000	1355	14361	781.44365	-46680.249	1450.4967	-45229.752	2.5905438
1360000	1360	14361	775.59655	-46679.584	1439.6434	-45239.94	2.593478
1365000	1365	14361	774.42457	-46684.681	1437.4681	-45247.213	2.5958316
1370000	1370	14361	778.09723	-46700.954	1444.2852	-45256.669	2.590259
1375000	1375	14361	778.08336	-46684.64	1444.2594	-45240.38	2.5916693
1380000	1380	14361	784.90506	-46680.768	1456.9217	-45223.846	2.5953624
1385000	1385	14361	789.21014	-46698.767	1464.9127	-45233.854	2.595056
1390000	1390	14361	782.5309	-46678.839	1452.5148	-45226.324	2.5968413
1395000	1395	14361	776.64793	-46682.66	1441.595	-45241.065	2.5954817
1400000	1400	14361	769.895	-46686.762	1429.0604	-45257.702	2.5941777
1405000	1405	14361	779.93744	-46685.01	1447.7009	-45237.309	2.5916805
1410000	1410	14361	776.31428	-46679.528	1440.9757	-45238.553	2.5965479
1415000	1415	14361	784.62437	-46688.55	1456.4007	-45232.149	2.5922216
1420000	1420	14361	780.99912	-46683.694	1449.6716	-45234.023	2.5944631
1425000	1425	14361	774.0072	-46684.479	1436.6934	-45247.785	2.5932512
1430000	1430	14361	774.85732	-46709.5	1438.2713	-45271.229	2.5931273
1435000	1435	14361	777.10131	-46681.854	1442.4366	-45239.417	2.5926655
1440000	1440	14361	787.06298	-46703.051	1460.9272	-45242.124	2.5982747
1445000	1445	14361	777.90469	-46678.781	1443.9278	-45234.854	2.5944783
1450000	1450	14361	785.6463	-46680.801	1458.2976	-45222.504	2.5916083
1455000	1455	14361	776.67865	-46694.295	1441.652	-45252.643	2.5954847
1460000	1460	14361	777.02168	-46691.97	1442.2887	-45249.681	2.5962631
1465000	1465	14361	770.16045	-46687.724	1429.5531	-45258.171	2.5908945
1470000	1470	14361	781.81105	-46689.503	1451.1787	-45238.324	2.5944173
1475000	1475	14361	782.67232	-46695.852	1452.7773	-45243.074	2.5941068
1480000	1480	14361	784.9652	-46675.119	1457.0333	-45218.086	2.5920178
1485000	1485	14361	772.00312	-46691.486	1432.9734	-45258.513	2.5948794
1490000	1490	14361	783.99171	-46678.612	1455.2263	-45223.386	2.5930244
1495000	1495	14361	778.15515	-46680.795	1444.3927	-45236.403	2.5896021
1500000	1500	14361	778.7345	-46681.339	1445.468	-45235.871	2.5937955
1505000	1505	14361	775.90168	-46699.943	1440.2098	-45259.733	2.5953026
1510000	1510	14361	780.08868	-46683.816	1447.9816	-45235.834	2.5924367
1515000	1515	14361	781.3418	-46693.436	1450.3076	-45243.129	2.5931352
1520000	1520	14361	775.44864	-46715.025	1439.3689	-45275.656	2.5944472
1525000	1525	14361	783.04637	-46687.329	1453.4716	-45233.857	2.5933158
1530000	1530	14361	780.68414	-46696.277	1449.0869	-45247.19	2.5974521
1535000	1535	14361	778.88063	-46693.997	1445.7393	-45248.258	2.5961883
1540000	1540	14361	791.56738	-46685.848	1469.2881	-45216.56	2.5875158
1545000	1545	14361	780.28396	-46692.972	1448.3441	-45244.628	2.592992
1550000	1550	14361	782.28356	-46675.666	1452.0557	-45223.611	2.5957372
1555000	1555	14361	779.22142	-46686.226	1446.3719	-45239.854	2.5935777
1560000	1560	14361	780.64671	-46691.06	1449.0174	-45242.042	2.5955558
1565000	1565	14361	781.54071	-46685.146	1450.6769	-45234.469	2.5921356
1570000	1570	14361	782.32289	-46691.501	1452.1287	-45239.372	2.5943538
1575000	1575	14361	781.7107	-46702.845	1450.9924	-45251.853	2.59654
1580000	1580	14361	776.50922	-46698.529	1441.3375	-45257.191	2.5940201
1585000	1585	14361	778.99967	-46692.558	1445.9602	-45246.598	2.594583
1590000	1590	14361	782.09317	-46699.429	1451.7023	-45247.727	2.5927724
1595000	1595	14361	775.0888	-46709.265	1438.701	-45270.564	2.5987058
1600000	1600	14361	784.3352	-46698.741	1455.8639	-45242.877	2.5929168
1605000	1605	14361	771.52354	-46686.566	1432.0832	-45254.483	2.5949616
1610000	1610	14361	787.71758	-46704.571	1462.1422	-45242.429	2.5941875
1615000	1615	14361	779.65859	-46687.956	1447.1833	-45240.773	2.5923
1620000	1620	14361	782.11942	-46698.023	1451.751	-45246.272	2.594407
1625000	1625	14361	777.74313	-46699.597	1443.6279	-45255.969	2.5981585
1630000	1630	14361	780.29508	-46688.824	1448.3647	-45240.459	2.5909062
1635000	1635	14361	767.41959	-46683.04	1424.4656	-45258.574	2.5937529
1640000	1640	14361	780.48092	-46693.047	1448.7097	-45244.338	2.5978836
1645000	1645	14361	774.68184	-46680.789	1437.9456	-45242.843	2.5934793
1650000	1650	14361	772.81256	-46693.028	1434.4759	-45258.552	2.5940346
1655000	1655	14361	773.68113	-46690.821	1436.0881	-45254.733	2.594882
1660000	1660	14361	783.06466	-46692.483	1453.5056	-45238.978	2.5969584
1665000	1665	14361	778.19569	-46697.355	1444.4679	-45252.887	2.5912242
1670000	1670	14361	774.00585	-46704.368	1436.6908	-45267.677	2.5987544
1675000	1675	14361	780.31961	-46694.461	1448.4103	-45246.051	2.5970087
1680000	1680	14361	775.76349	-46694.104	1439.9533	-45254.151	2.5914645
1685000	1685	14361	785.50843	-46698.768	1458.0416	-45240.726	2.6002207
1690000	1690	14361	780.11998	-46684.437	1448.0397	-45236.397	2.5979832
1695000	1695	14361	773.51133	-46677.644	1435.7729	-45241.872	2.5871994
1700000	1700	14361	786.02977	-46688.509	1459.0093	-45229.5	2.5958709
1705000	1705	14361	778.81974	-46694.5	1445.6263	-45248.874	2.5954708
1710000	1710	14361	783.77574	-46694.882	1454.8255	-45240.057	2.5952597
1715000	1715	14361	770.53211	-46705.468	1430.243	-45275.225	2.5987763
1720000	1720	14361	779.97271	-46689.102	1447.7664	-45241.336	2.5954762
1725000	1725	14361	778.31659	-46689.289	1444.6923	-45244.597	2.5922162
1730000	1730	14361	787.72612	-46713.269	1462.1581	-45251.111	2.5980536
1735000	1735	14361	773.03118	-46701.926	1434.8817	-45267.044	2.5945175
1740000	1740	14361	781.41508	-46691.86	1450.4437	-45241.416	2.5959048
1745000	1745	14361	784.24128	-46683.564	1455.6896	-45227.874	2.5955591
1750000	1750	14361	782.80483	-46720.796	1453.0233	-45267.773	2.5961996
1755000	1755	14361	776.91151	-46684.904	1442.0842	-45242.82	2.5910107
1760000	1760	14361	783.75469	-46696.831	1454.7864	-45242.044	2.5979636
1765000	1765	14361	781.37661	-46696.512	1450.3723	-45246.139	2.5996026
1770000	1770	14361	773.10565	-46696.994	1435.0199	-45261.974	2.5926682
1775000	1775	14361	779.56488	-46710.097	1447.0094	-45263.087	2.5949595
1780000	1780	14361	778.56367	-46708.911	1445.1509	-45263.76	2.5969227
1785000	1785	14361	782.06733	-46690.482	1451.6544	-45238.827	2.5943938
1790000	1790	14361	786.19236	-46692.76	1459.3111	-45233.449	2.5938654
1795000	1795	14361	785.89332	-46699.804	1458.7561	-45241.048	2.5985899
1800000	1800	14361	784.16206	-46680.296	1455.5426	-45224.754	2.5905869
1805000	1805	14361	770.21776	-46673.822	1429.6595	-45244.163	2.5933015
1810000	1810	14361	781.01855	-46711.82	1449.7076	-45262.113	2.5968379
1815000	1815	14361	777.24765	-46674.218	1442.7082	-45231.509	2.5911743
1820000	1820	14361	774.38959	-46682.487	1437.4031	-45245.084	2.5936785
1825000	1825	14361	780.06843	-46678.27	1447.944	-45230.326	2.5925749
1830000	1830	14361	786.51677	-46684.879	1459.9133	-45224.966	2.5912716
1835000	1835	14361	780.42075	-46692.157	1448.598	-45243.559	2.5888151
1840000	1840	14361	779.80909	-46698.608	1447.4627	-45251.145	2.5972116
1845000	1845	14361	772.43899	-46689.522	1433.7825	-45255.739	2.5960251
1850000	1850	14361	770.59337	-46680.544	1430.3567	-45250.187	2.5882333
1855000	1855	14361	778.46117	-46692.562	1444.9607	-45247.602	2.5980278
1860000	1860	14361	780.874	-46696.866	1449.4393	-45247.427	2.5950264
1865000	1865	14361	782.6025	-46705.587	1452.6477	-45252.939	2.5972543
1870000	1870	14361	776.82401	-46701.214	1441.9218	-45259.292	2.5955908
1875000	1875	14361	781.61658	-46687.755	1450.8177	-45236.937	2.5945037
1880000	1880	14361	770.0173	-46689.842	1429.2874	-45260.555	2.594333
1885000	1885	14361	786.69199	-46710.893	1460.2385	-45250.655	2.5958347
1890000	1890	14361	778.35529	-46695.259	1444.7642	-45250.495	2.5908918
1895000	1895	14361	778.87777	-46692.234	1445.734	-45246.5	2.5894011
1900000	1900	14361	780.19119	-46715.319	1448.1719	-45267.147	2.6011362
1905000	1905	14361	774.64405	-46709.236	1437.8754	-45271.361	2.5919894
1910000	1910	14361	784.85516	-46674.744	1456.8291	-45217.915	2.5901011
1915000	1915	14361	771.57326	-46687.339	1432.1755	-45255.164	2.596717
1920000	1920	14361	784.46382	-46711.075	1456.1027	-45254.972	2.5928204
1925000	1925	14361	776.5154	-46692.829	1441.349	-45251.48	2.5883356
1930000	1930	14361	774.857	-46703.424	1438.2707	-45265.154	2.5960849
1935000	1935	14361	781.12295	-46689.924	1449.9014	-45240.023	2.5979828
1940000	1940	14361	787.24931	-46697.187	1461.273	-45235.914	2.5935527
1945000	1945	14361	774.35022	-46698.673	1437.33	-45261.343	2.5908729
1950000	1950	14361	776.13621	-46712.379	1440.6452	-45271.734	2.5943905
1955000	1955	14361	783.21445	-46690.108	1453.7836	-45236.324	2.5919356
1960000	1960	14361	777.8144	-46689.95	1443.7602	-45246.19	2.5943237
1965000	1965	14361	770.91259	-46698.382	1430.9492	-45267.432	2.5905686
1970000	1970	14361	785.51967	-46687.446	1458.0625	-45229.383	2.5942931
1975000	1975	14361	786.32688	-46686.091	1459.5608	-45226.53	2.5983795
1980000	1980	14361	781.52129	-46691.729	1450.6408	-45241.088	2.5966015
1985000	1985	14361	785.43601	-46678.766	1457.9072	-45220.858	2.5902108
1990000	1990	14361	779.26345	-46681.559	1446.4499	-45235.109	2.5928433
1995000	1995	14361	780.46606	-46697.432	1448.6821	-45248.75	2.5956368
2000000	2000	14361	777.71334	-46677.438	1443.5726	-45233.866	2.5921959
2005000	2005	14361	783.92856	-46689.642	1455.1091	-45234.533	2.5919251
2010000	2010	14361	775.26629	-46693.789	1439.0304	-45254.759	2.5941359
2015000	2015	14361	780.85043	-46688.617	1449.3956	-45239.222	2.596149
2020000	2020	14361	784.21871	-46672.763	1455.6477	-45217.115	2.5907178
2025000	2025	14361	775.80942	-46695.343	1440.0386	-45255.305	2.5924113
2030000	2030	14361	781.51967	-46683.709	1450.6378	-45233.071	2.5939127
2035000	2035	14361	778.35532	-46680.916	1444.7642	-45236.151	2.5880805
2040000	2040	14361	785.9073	-46684.59	1458.782	-45225.808	2.5975507
2045000	2045	14361	784.46803	-46690.828	1456.1105	-45234.717	2.5939894
2050000	2050	14361	786.04767	-46683.182	1459.0426	-45224.139	2.5885518
2055000	2055	14361	775.95038	-46701.247	1440.3002	-45260.947	2.5958009
2060000	2060	14361	781.9614	-46684.457	1451.4577	-45232.999	2.5940764
2065000	2065	14361	772.22966	-46680.141	1433.3939	-45246.747	2.590348
2070000	2070	14361	783.30438	-46677.879	1453.9505	-45223.928	2.5951279
2075000	2075	14361	775.25353	-46706.373	1439.0067	-45267.366	2.5975894
2080000	2080	14361	779.33361	-46686.84	1446.5801	-45240.26	2.5885374
2085000	2085	14361	781.65156	-46690.05	1450.8826	-45239.168	2.5910457
2090000	2090	14361	780.10779	-46686.84	1448.0171	-45238.823	2.595409
2095000	2095	14361	777.7124	-46686.661	1443.5708	-45243.09	2.589812
2100000	2100	14361	780.57205	-46698.03	1448.8789	-45249.151	2.5878044
2105000	2105	14361	786.86015	-46698.475	1460.5507	-45237.924	2.5955091
2110000	2110	14361	773.75374	-46687.573	1436.2229	-45251.351	2.5932224
2115000	2115	14361	775.71128	-46706.266	1439.8564	-45266.41	2.5940338
2120000	2120	14361	772.3174	-46692.9	1433.5568	-45259.343	2.5937193
2125000	2125	14361	780.87653	-46679.063	1449.444	-45229.619	2.5913534
2130000	2130	14361	771.32125	-46694.373	1431.7078	-45262.665	2.5902906
2135000	2135	14361	781.7633	-46698.588	1451.09	-45247.498	2.5943723
2140000	2140	14361	775.35934	-46699.907	1439.2032	-45260.704	2.5947902
2145000	2145	14361	777.22012	-46696.955	1442.6571	-45254.298	2.595187
2150000	2150	14361	775.559	-46698.116	1439.5738	-45258.542	2.5886196
2155000	2155	14361	780.6201	-46705.947	1448.968	-45256.979	2.5910255
2160000	2160	14361	784.20208	-46685.625	1455.6168	-45230.008	2.5917516
2165000	2165	14361	779.0413	-46707.861	1446.0375	-45261.823	2.5928383
2170000	2170	14361	775.06813	-46691.731	1438.6626	-45253.069	2.5938567
2175000	2175	14361	770.92944	-46688.022	1430.9805	-45257.042	2.587165
2180000	2180	14361	776.9758	-46687.342	1442.2036	-45245.138	2.5942418
2185000	2185	14361	771.11958	-46689.678	1431.3334	-45258.345	2.590223
2190000	2190	14361	782.91835	-46685.856	1453.234	-45232.622	2.5926776
2195000	2195	14361	781.68105	-46683.839	1450.9374	-45232.902	2.5903511
2200000	2200	14361	785.98932	-46690.273	1458.9343	-45231.339	2.592515
2205000	2205	14361	770.17942	-46682.691	1429.5883	-45253.102	2.5927283
2210000	2210	14361	778.87586	-46708.571	1445.7304	-45262.841	2.5913209
2215000	2215	14361	792.27821	-46700.135	1470.6075	-45229.527	2.5954011
2220000	2220	14361	788.08034	-46698.829	1462.8156	-45236.014	2.591379
2225000	2225	14361	775.1017	-46697.396	1438.7249	-45258.671	2.5956161
2230000	2230	14361	776.53842	-46701.999	1441.3917	-45260.607	2.5945521
2235000	2235	14361	779.80172	-46692.448	1447.449	-45244.999	2.5911
2240000	2240	14361	775.97515	-46694.436	1440.3462	-45254.089	2.5942848
2245000	2245	14361	787.09326	-46684.1	1460.9834	-45223.116	2.5967459
2250000	2250	14361	784.01295	-46679.127	1455.2658	-45223.861	2.589024
2255000	2255	14361	779.91525	-46678.404	1447.6597	-45230.744	2.5978024
2260000	2260	14361	781.24692	-46699.031	1450.1315	-45248.899	2.5950067
2265000	2265	14361	784.38954	-46692.997	1455.9648	-45237.032	2.5876207
2270000	2270	14361	781.13101	-46681.55	1449.9164	-45231.634	2.589641
2275000	2275	14361	772.78075	-46704.2	1434.4168	-45269.783	2.5938477
2280000	2280	14361	780.89934	-46680.902	1449.4864	-45231.416	2.5921643
2285000	2285	14361	774.8118	-46677.435	1438.1868	-45239.248	2.5894727
2290000	2290	14361	780.31047	-46691.894	1448.3933	-45243.501	2.5949885
2295000	2295	14361	792.56924	-46675.319	1471.1478	-45204.171	2.5918156
2300000	2300	14361	775.86098	-46706.869	1440.1343	-45266.735	2.5937039
2305000	2305	14361	783.58241	-46708.372	1454.4666	-45253.905	2.5980297
2310000	2310	14361	775.99561	-46687.218	1440.3842	-45246.834	2.5918699
2315000	2315	14361	780.57942	-46691.792	1448.8925	-45242.899	2.5907846
2320000	2320	14361	771.51683	-46678.127	1432.0708	-45246.057	2.5938938
2325000	2325	14361	781.12943	-46675.529	1449.9135	-45225.615	2.5910213
2330000	2330	14361	777.98165	-46680.287	1444.0706	-45236.216	2.5899441
2335000	2335	14361	768.35562	-46692.095	1426.203	-45265.892	2.5956274
2340000	2340	14361	779.88512	-46686.754	1447.6038	-45239.15	2.589008
2345000	2345	14361	780.53703	-46694.562	1448.8139	-45245.748	2.5907555
2350000	2350	14361	772.95	-46700.276	1434.731	-45265.545	2.5951063
2355000	2355	14361	780.35355	-46691.238	1448.4733	-45242.765	2.5882971
2360000	2360	14361	782.05605	-46677.358	1451.6334	-45225.725	2.5900608
2365000	2365	14361	779.54407	-46708.856	1446.9707	-45261.885	2.5895959
2370000	2370	14361	777.07609	-46706.963	1442.3897	-45264.573	2.5914041
2375000	2375	14361	778.27431	-46683.222	1444.6138	-45238.608	2.5900917
2380000	2380	14361	783.29969	-46692.072	1453.9418	-45238.131	2.594616
2385000	2385	14361	774.98305	-46688.535	1438.5047	-45250.03	2.5955151
2390000	2390	14361	778.10687	-46696.747	1444.3031	-45252.444	2.5921673
2395000	2395	14361	785.56116	-46687.299	1458.1395	-45229.159	2.5885176
2400000	2400	14361	774.64734	-46691.485	1437.8816	-45253.604	2.5889326
2405000	2405	14361	779.84986	-46701.111	1447.5383	-45253.572	2.5900713
2410000	2410	14361	783.55812	-46697.542	1454.4215	-45243.12	2.5921723
2415000	2415	14361	778.8624	-46701.565	1445.7054	-45255.859	2.5921324
2420000	2420	14361	771.71191	-46670.205	1432.4329	-45237.772	2.5911575
2425000	2425	14361	776.08558	-46714.364	1440.5512	-45273.813	2.5852988
2430000	2430	14361	773.38279	-46704.777	1435.5343	-45269.242	2.5945914
2435000	2435	14361	773.6794	-46681.106	1436.0849	-45245.021	2.5903161
2440000	2440	14361	776.01299	-46693.51	1440.4164	-45253.094	2.5937024
2445000	2445	14361	774.62354	-46703.417	1437.8374	-45265.58	2.5945858
2450000	2450	14361	774.47026	-46686.058	1437.5529	-45248.505	2.5886028
2455000	2455	14361	778.7979	-46692.652	1445.5857	-45247.066	2.5894829
2460000	2460	14361	786.23452	-46706.617	1459.3894	-45247.227	2.598217
2465000	2465	14361	784.86234	-46682.011	1456.8424	-45225.169	2.5896734
2470000	2470	14361	783.49859	-46694.325	1454.311	-45240.014	2.594929
2475000	2475	14361	773.64583	-46695.011	1436.0226	-45258.988	2.5997038
2480000	2480	14361	781.21575	-46685.216	1450.0737	-45235.143	2.5911525
2485000	2485	14361	778.9151	-46700.88	1445.8033	-45255.076	2.5889631
2490000	2490	14361	768.22182	-46710.015	1425.9547	-45284.06	2.5872684
2495000	2495	14361	779.53666	-46704.85	1446.957	-45257.893	2.5903179
2500000	2500	14361	779.1425	-46701.609	1446.2254	-45255.384	2.5911874
2505000	2505	14361	784.27573	-46677.568	1455.7535	-45221.814	2.5977424
2510000	2510	14361	783.18634	-46695.833	1453.7314	-45242.102	2.5929608
2515000	2515	14361	782.25092	-46684.669	1451.9951	-45232.674	2.5907689
2520000	2520	14361	771.29862	-46689.944	1431.6657	-45258.279	2.5948898
2525000	2525	14361	783.63257	-46703.696	1454.5597	-45249.136	2.5894891
2530000	2530	14361	775.70796	-46679.047	1439.8502	-45239.197	2.5887498
2535000	2535	14361	781.47704	-46710.599	1450.5587	-45260.04	2.5949194
2540000	2540	14361	784.28255	-46696.44	1455.7662	-45240.673	2.5915068
2545000	2545	14361	772.32864	-46698.024	1433.5776	-45264.446	2.5911579
2550000	2550	14361	785.81495	-46694.173	1458.6106	-45235.562	2.597784
2555000	2555	14361	785.03484	-46711.211	1457.1626	-45254.048	2.5878211
2560000	2560	14361	775.4027	-46688.058	1439.2836	-45248.774	2.5881495
2565000	2565	14361	785.04991	-46710.504	1457.1905	-45253.313	2.5957125
2570000	2570	14361	783.96078	-46707.312	1455.1689	-45252.143	2.5949883
2575000	2575	14361	775.42519	-46691.569	1439.3254	-45252.243	2.5902096
2580000	2580	14361	777.31831	-46696.553	1442.8394	-45253.714	2.5969644
2585000	2585	14361	780.29264	-46685.038	1448.3602	-45236.678	2.5956808
2590000	2590	14361	783.74742	-46703.967	1454.7729	-45249.194	2.5894547
2595000	2595	14361	785.38266	-46687.329	1457.8082	-45229.521	2.5969432
2600000	2600	14361	782.40424	-46710.1	1452.2797	-45257.82	2.5891284
2605000	2605	14361	784.60811	-46701.062	1456.3705	-45244.692	2.5870422
2610000	2610	14361	775.37347	-46675.539	1439.2294	-45236.309	2.5936098
2615000	2615	14361	776.00977	-46689.584	1440.4105	-45249.173	2.5963921
2620000	2620	14361	775.63243	-46697.353	1439.7101	-45257.643	2.5930983
2625000	2625	14361	779.20654	-46706.43	1446.3442	-45260.086	2.5944414
2630000	2630	14361	774.88712	-46682.462	1438.3266	-45244.135	2.5973313
2635000	2635	14361	775.3792	-46687.695	1439.24	-45248.455	2.5852574
2640000	2640	14361	771.671	-46706.938	1432.3569	-45274.581	2.5929355
2645000	2645	14361	785.0383	-46708.726	1457.169	-45251.557	2.5927713
2650000	2650	14361	775.19749	-46693.192	1438.9027	-45254.29	2.5923342
2655000	2655	14361	776.9017	-46700.522	1442.066	-45258.456	2.5933557
2660000	2660	14361	780.07128	-46708.087	1447.9493	-45260.137	2.5923368
2665000	2665	14361	773.73479	-46679.49	1436.1877	-45243.302	2.5857775
2670000	2670	14361	776.8398	-46690.697	1441.9511	-45248.746	2.5874001
2675000	2675	14361	782.06741	-46699.023	1451.6545	-45247.368	2.5984588
2680000	2680	14361	781.92	-46693.763	1451.3809	-45242.382	2.5901646
2685000	2685	14361	768.82987	-46679.945	1427.0833	-45252.861	2.5913184
2690000	2690	14361	778.54234	-46694.007	1445.1114	-45248.896	2.5914521
2695000	2695	14361	781.91775	-46692.188	1451.3767	-45240.811	2.5937438
2700000	2700	14361	774.91663	-46677.502	1438.3814	-45239.12	2.5915968
2705000	2705	14361	778.46863	-46694.182	1444.9745	-45249.207	2.5922925
2710000	2710	14361	784.04668	-46678.439	1455.3284	-45223.11	2.5883854
2715000	2715	14361	779.55569	-46675.803	1446.9923	-45228.811	2.5905358
2720000	2720	14361	788.40688	-46687.843	1463.4217	-45224.421	2.5969982
2725000	2725	14361	776.62875	-46692.754	1441.5594	-45251.194	2.5921678
2730000	2730	14361	780.99557	-46701.457	1449.665	-45251.792	2.5911817
2735000	2735	14361	783.79497	-46712.662	1454.8612	-45257.801	2.5969727
2740000	2740	14361	772.73328	-46697.62	1434.3287	-45263.291	2.5955031
2745000	2745	14361	780.05836	-46689.376	1447.9254	-45241.45	2.5859421
2750000	2750	14361	772.60782	-46713.287	1434.0959	-45279.191	2.5970584
2755000	2755	14361	779.22374	-46695.151	1446.3762	-45248.775	2.5929055
2760000	2760	14361	773.0336	-46684.289	1434.8862	-45249.403	2.5923744
2765000	2765	14361	788.89323	-46705.494	1464.3244	-45241.17	2.5937707
2770000	2770	14361	784.55216	-46693.468	1456.2666	-45237.201	2.5968292
2775000	2775	14361	767.82547	-46705.347	1425.219	-45280.128	2.5918208
2780000	2780	14361	778.73194	-46693.61	1445.4633	-45248.147	2.5961873
2785000	2785	14361	769.7254	-46706.688	1428.7456	-45277.943	2.5916467
2790000	2790	14361	781.98799	-46685.374	1451.5071	-45233.867	2.5852351
2795000	2795	14361	776.33607	-46700.336	1441.0161	-45259.319	2.5907999
2800000	2800	14361	779.47367	-46684.172	1446.8401	-45237.332	2.5906856
2805000	2805	14361	780.54812	-46693.968	1448.8344	-45245.133	2.5849391
2810000	2810	14361	773.4058	-46696.337	1435.577	-45260.76	2.5919705
2815000	2815	14361	768.74975	-46688.32	1426.9346	-45261.385	2.5921346
2820000	2820	14361	786.33456	-46694.179	1459.5751	-45234.604	2.5858209
2825000	2825	14361	775.27664	-46678.234	1439.0496	-45239.184	2.595584
2830000	2830	14361	777.62881	-46690.839	1443.4157	-45247.423	2.5931991
2835000	2835	14361	776.82797	-46689.114	1441.9292	-45247.185	2.58777
2840000	2840	14361	783.01226	-46696.883	1453.4083	-45243.475	2.5913641
2845000	2845	14361	786.87306	-46696.294	1460.5746	-45235.719	2.5913126
2850000	2850	14361	782.50063	-46701.461	1452.4586	-45249.002	2.5939964
2855000	2855	14361	773.81607	-46705.749	1436.3386	-45269.411	2.5873481
2860000	2860	14361	772.42122	-46717.649	1433.7495	-45283.899	2.5944714
2865000	2865	14361	780.11797	-46714.457	1448.036	-45266.421	2.5902343
2870000	2870	14361	781.66583	-46690.346	1450.9091	-45239.437	2.5904936
2875000	2875	14361	780.18848	-46701.985	1448.1669	-45253.818	2.5909445
2880000	2880	14361	780.73927	-46672.114	1449.1892	-45222.925	2.5890032
2885000	2885	14361	780.15058	-46706.852	1448.0965	-45258.755	2.5886766
2890000	2890	14361	779.37739	-46692.812	1446.6614	-45246.15	2.5903206
2895000	2895	14361	772.73267	-46690.116	1434.3276	-45255.789	2.5891036
2900000	2900	14361	777.87356	-46684.439	1443.87	-45240.569	2.590766
2905000	2905	14361	783.99652	-46688.563	1455.2353	-45233.328	2.5936765
2910000	2910	14361	774.62683	-46681.784	1437.8435	-45243.94	2.5899782
2915000	2915	14361	784.34791	-46674.886	1455.8875	-45218.998	2.5918198
2920000	2920	14361	775.10348	-46690.452	1438.7282	-45251.723	2.5888033
2925000	2925	14361	780.89571	-46692.452	1449.4796	-45242.973	2.5903079
2930000	2930	14361	779.43017	-46679.606	1446.7593	-45232.846	2.5904925
2935000	2935	14361	774.81305	-46702.309	1438.1891	-45264.12	2.5887138
2940000	2940	14361	786.32581	-46697.233	1459.5588	-45237.675	2.5903752
2945000	2945	14361	777.7835	-46688.21	1443.7028	-45244.507	2.5872018
2950000	2950	14361	776.33297	-46696.559	1441.0104	-45255.549	2.5883065
2955000	2955	14361	787.53649	-46704.382	1461.8061	-45242.576	2.5887658
2960000	2960	14361	781.01495	-46699.871	1449.701	-45250.17	2.5885826
2965000	2965	14361	774.51513	-46704.964	1437.6362	-45267.328	2.5889429
2970000	2970	14361	771.30225	-46691.4	1431.6725	-45259.727	2.5922026
2975000	2975	14361	786.79513	-46697.244	1460.43	-45236.814	2.5895819
2980000	2980	14361	774.79565	-46699.484	1438.1568	-45261.327	2.5932508
2985000	2985	14361	779.03216	-46685.049	1446.0205	-45239.028	2.5876464
2990000	2990	14361	766.49638	-46684.988	1422.7519	-45262.236	2.5874749
2995000	2995	14361	776.53914	-46690.655	1441.3931	-45249.262	2.5934117
3000000	3000	14361	790.84876	-46706.103	1467.9542	-45238.148	2.5948472
