Step	Time	Atoms	Temp	PotEng	KinEng	TotEng	Density
0	0	25501	1500	-85355.613	4944.2005	-80411.413	2.659387
5000	5	25501	765.87889	-82982.876	2524.4392	-80458.436	2.5929546
10000	10	25501	768.47767	-82603.789	2533.0051	-80070.784	2.5358912
15000	15	25501	767.43075	-82907.916	2529.5544	-80378.361	2.5769144
20000	20	25501	766.87902	-83009.997	2527.7358	-80482.261	2.6434662
25000	25	25501	770.70004	-83011.829	2540.3304	-80471.499	2.608245
30000	30	25501	771.65579	-82664.022	2543.4806	-80120.542	2.544591
35000	35	25501	765.78367	-82814.428	2524.1254	-80290.302	2.569155
40000	40	25501	769.06539	-82999.97	2534.9424	-80465.028	2.63113
45000	45	25501	774.856	-82982.026	2554.029	-80427.997	2.6194141
50000	50	25501	768.34274	-82755.268	2532.5604	-80222.708	2.554691
55000	55	25501	768.33222	-82748.145	2532.5257	-80215.62	2.5573295
60000	60	25501	768.75322	-82995.13	2533.9134	-80461.217	2.6133846
65000	65	25501	772.81871	-82957.373	2547.3138	-80410.06	2.6286294
70000	70	25501	765.02544	-82843.605	2521.6261	-80321.979	2.5697757
75000	75	25501	768.15699	-82693.654	2531.9481	-80161.706	2.546891
80000	80	25501	767.19111	-82962.498	2528.7645	-80433.734	2.6000509
85000	85	25501	765.15976	-82964.545	2522.0689	-80442.476	2.6327166
90000	90	25501	763.03461	-82922.622	2515.0641	-80407.558	2.5853579
95000	95	25501	773.52749	-82692.565	2549.65	-80142.915	2.5504424
100000	100	25501	776.97221	-82936.848	2561.0043	-80375.844	2.5823591
105000	105	25501	769.30829	-82970.238	2535.743	-80434.495	2.6333807
110000	110	25501	766.02636	-82970.72	2524.9253	-80445.795	2.6012413
115000	115	25501	766.44623	-82711.444	2526.3093	-80185.135	2.5514571
120000	120	25501	770.10661	-82846.727	2538.3744	-80308.353	2.567348
125000	125	25501	772.77064	-82973.077	2547.1554	-80425.922	2.6286063
130000	130	25501	772.35761	-83001.707	2545.794	-80455.914	2.61573
135000	135	25501	769.17008	-82764.443	2535.2874	-80229.156	2.5575989
140000	140	25501	765.0852	-82782.292	2521.8231	-80260.469	2.5618064
145000	145	25501	771.33514	-82986.363	2542.4237	-80443.94	2.6192546
150000	150	25501	764.55939	-82977.127	2520.09	-80457.037	2.626181
155000	155	25501	767.64307	-82827.751	2530.2542	-80297.496	2.5662081
160000	160	25501	761.15259	-82734.306	2508.8607	-80225.446	2.551578
165000	165	25501	772.6981	-82977.388	2546.9163	-80430.472	2.6085836
170000	170	25501	765.73599	-83011.538	2523.9682	-80487.57	2.6313953
175000	175	25501	769.29571	-82851.448	2535.7015	-80315.747	2.5798151
180000	180	25501	765.62003	-82696.251	2523.586	-80172.665	2.547349
185000	185	25501	772.49831	-82946.992	2546.2577	-80400.734	2.6005575
190000	190	25501	772.18507	-83003.738	2545.2252	-80458.513	2.6341855
195000	195	25501	771.06393	-82913.73	2541.5298	-80372.2	2.5893685
200000	200	25501	765.20641	-82709.164	2522.2226	-80186.941	2.5500732
205000	205	25501	769.82225	-82910.036	2537.437	-80372.599	2.5887143
210000	210	25501	765.71773	-82987.698	2523.908	-80463.79	2.6325859
215000	215	25501	768.55236	-82949.904	2533.2513	-80416.653	2.5989342
220000	220	25501	761.71717	-82750.042	2510.7216	-80239.32	2.5528339
225000	225	25501	771.35731	-82873.582	2542.4968	-80331.085	2.5753916
230000	230	25501	766.05829	-82987.66	2525.0305	-80462.63	2.6292099
235000	235	25501	761.40936	-82994.719	2509.707	-80485.012	2.6096039
240000	240	25501	768.28589	-82741.92	2532.373	-80209.547	2.559483
245000	245	25501	771.46379	-82831.901	2542.8478	-80289.053	2.5669398
250000	250	25501	770.56912	-82994.65	2539.8988	-80454.751	2.615103
255000	255	25501	767.89911	-82977.795	2531.0981	-80446.696	2.6182849
260000	260	25501	765.75566	-82818.103	2524.033	-80294.07	2.5659645
265000	265	25501	763.77752	-82775.167	2517.5128	-80257.655	2.5614664
270000	270	25501	767.85204	-82979.612	2530.943	-80448.669	2.6096316
275000	275	25501	772.01914	-82967.768	2544.6783	-80423.089	2.6268355
280000	280	25501	764.05258	-82849.614	2518.4194	-80331.195	2.576119
285000	285	25501	765.95342	-82765.427	2524.6849	-80240.742	2.5526795
290000	290	25501	764.23839	-82941.375	2519.0319	-80422.343	2.5948205
295000	295	25501	774.21923	-82965.353	2551.9301	-80413.422	2.627341
300000	300	25501	768.94541	-82896.258	2534.5469	-80361.711	2.5848914
305000	305	25501	763.01919	-82747.395	2515.0133	-80232.382	2.5567863
310000	310	25501	776.33695	-82912.262	2558.9104	-80353.351	2.5878078
315000	315	25501	768.10284	-82967.78	2531.7697	-80436.01	2.6280121
320000	320	25501	767.42274	-82976.078	2529.528	-80446.55	2.5984353
325000	325	25501	759.58909	-82745.943	2503.7072	-80242.236	2.563091
330000	330	25501	772.8976	-82861.606	2547.5738	-80314.032	2.5742131
335000	335	25501	764.12645	-82984.747	2518.6629	-80466.084	2.6217722
340000	340	25501	766.89945	-82947.744	2527.8031	-80419.941	2.6059461
345000	345	25501	764.70584	-82775.037	2520.5727	-80254.464	2.5639835
350000	350	25501	771.58884	-82834.159	2543.26	-80290.899	2.5679781
355000	355	25501	770.05976	-82954.69	2538.2199	-80416.47	2.6154094
360000	360	25501	772.72173	-82964.153	2546.9941	-80417.159	2.617107
365000	365	25501	767.01367	-82833.051	2528.1796	-80304.871	2.5692043
370000	370	25501	767.14994	-82806.997	2528.6288	-80278.368	2.5650757
375000	375	25501	772.9378	-82966.667	2547.7063	-80418.961	2.6093471
380000	380	25501	768.47523	-82967.788	2532.9971	-80434.791	2.6200618
385000	385	25501	770.98692	-82866.256	2541.276	-80324.98	2.5767704
390000	390	25501	770.01072	-82767.717	2538.0583	-80229.659	2.5598845
395000	395	25501	767.52998	-82956.758	2529.8814	-80426.877	2.599581
400000	400	25501	765.52822	-82966.748	2523.2834	-80443.465	2.6198101
405000	405	25501	767.8941	-82906.042	2531.0816	-80374.96	2.5869336
410000	410	25501	769.34089	-82775.466	2535.8504	-80239.615	2.5618662
415000	415	25501	770.5968	-82943.221	2539.9901	-80403.231	2.5905359
420000	420	25501	772.77359	-82965.23	2547.1651	-80418.064	2.622073
425000	425	25501	763.93976	-82917.164	2518.0476	-80399.116	2.5938131
430000	430	25501	766.79391	-82789.824	2527.4552	-80262.369	2.5608991
435000	435	25501	765.13103	-82897.396	2521.9742	-80375.422	2.5856419
440000	440	25501	771.17076	-82961.627	2541.8819	-80419.745	2.6211113
445000	445	25501	760.70627	-82947.41	2507.3896	-80440.021	2.5977142
450000	450	25501	765.9625	-82784.257	2524.7148	-80259.542	2.5635035
455000	455	25501	768.23127	-82862.564	2532.193	-80330.371	2.5759789
460000	460	25501	765.7218	-82974.211	2523.9214	-80450.29	2.6132907
465000	465	25501	760.82971	-82977.062	2507.7964	-80469.265	2.6091111
470000	470	25501	771.10236	-82831.163	2541.6565	-80289.506	2.5698391
475000	475	25501	769.48441	-82839.977	2536.3235	-80303.654	2.5708487
480000	480	25501	771.08204	-82943.9	2541.5895	-80402.31	2.6071264
485000	485	25501	771.59187	-82986.091	2543.27	-80442.822	2.6157623
490000	490	25501	770.81895	-82845.058	2540.7223	-80304.336	2.5736113
495000	495	25501	767.73426	-82820.111	2530.5548	-80289.557	2.5692172
500000	500	25501	771.68001	-82973.059	2543.5605	-80429.498	2.6017888
505000	505	25501	777.11013	-82976.618	2561.4589	-80415.159	2.6183795
510000	510	25501	773.75604	-82878.038	2550.4034	-80327.635	2.5845147
515000	515	25501	771.83504	-82801.646	2544.0715	-80257.575	2.5620537
520000	520	25501	768.10625	-82938.603	2531.7809	-80406.822	2.5985386
525000	525	25501	773.77536	-82972.922	2550.4671	-80422.455	2.6179323
530000	530	25501	772.68627	-82926.524	2546.8772	-80379.647	2.59208
535000	535	25501	769.39403	-82802.321	2536.0256	-80266.295	2.5656416
540000	540	25501	769.58002	-82904.005	2536.6386	-80367.366	2.5870593
545000	545	25501	763.72005	-82989.301	2517.3234	-80471.977	2.6183877
550000	550	25501	768.14506	-82950.333	2531.9088	-80418.424	2.5934985
555000	555	25501	776.59138	-82817.297	2559.749	-80257.548	2.5680225
560000	560	25501	768.44792	-82884.755	2532.9071	-80351.848	2.5823731
565000	565	25501	765.53494	-82963.597	2523.3055	-80440.292	2.6165216
570000	570	25501	771.78614	-82949.799	2543.9103	-80405.888	2.6015267
575000	575	25501	773.59685	-82838.213	2549.8787	-80288.335	2.5694052
580000	580	25501	774.78646	-82839.619	2553.7997	-80285.82	2.5760443
585000	585	25501	774.08182	-82961.814	2551.4772	-80410.337	2.6123711
590000	590	25501	770.41023	-82954.449	2539.3751	-80415.074	2.6104008
595000	595	25501	770.77353	-82844.217	2540.5726	-80303.645	2.572679
600000	600	25501	767.27273	-82818.346	2529.0335	-80289.312	2.5742676
605000	605	25501	771.44887	-82943.684	2542.7986	-80400.885	2.6040157
610000	610	25501	768.83073	-82992.675	2534.1689	-80458.506	2.6129389
615000	615	25501	763.34448	-82900.602	2516.0855	-80384.517	2.5776039
620000	620	25501	768.69991	-82847.887	2533.7377	-80314.15	2.5696638
625000	625	25501	768.4043	-82944.404	2532.7633	-80411.64	2.600898
630000	630	25501	763.51475	-82978.067	2516.6467	-80461.421	2.6111074
635000	635	25501	773.40177	-82896.72	2549.2356	-80347.484	2.5884813
640000	640	25501	769.43035	-82806.513	2536.1453	-80270.368	2.5656786
645000	645	25501	768.90121	-82926.552	2534.4012	-80392.151	2.595557
650000	650	25501	769.67309	-82998.869	2536.9454	-80461.923	2.6164029
655000	655	25501	761.91933	-82935.977	2511.388	-80424.589	2.5932089
660000	660	25501	764.51184	-82795.567	2519.9332	-80275.634	2.5716843
665000	665	25501	767.79029	-82926.015	2530.7395	-80395.275	2.5851614
670000	670	25501	775.2917	-82964.937	2555.4651	-80409.472	2.6139113
675000	675	25501	771.39327	-82944.358	2542.6154	-80401.743	2.5940676
680000	680	25501	771.37538	-82840.552	2542.5564	-80297.995	2.5714214
685000	685	25501	768.63883	-82889.661	2533.5363	-80356.124	2.5811897
690000	690	25501	771.54395	-82979.944	2543.112	-80436.832	2.6105252
695000	695	25501	774.88827	-82944.007	2554.1354	-80389.872	2.6081476
700000	700	25501	771.43927	-82855.139	2542.767	-80312.372	2.5709527
705000	705	25501	765.13226	-82840.59	2521.9782	-80318.612	2.5779453
710000	710	25501	770.27764	-82949.899	2538.9381	-80410.961	2.6056009
715000	715	25501	766.98581	-82964.753	2528.0878	-80436.665	2.6103777
720000	720	25501	766.81783	-82847.072	2527.5341	-80319.537	2.5783393
725000	725	25501	762.79462	-82837.911	2514.273	-80323.637	2.5701639
730000	730	25501	772.67539	-82973.059	2546.8414	-80426.218	2.6043207
735000	735	25501	771.71903	-82966.385	2543.6891	-80422.696	2.6117182
740000	740	25501	765.21454	-82881.275	2522.2494	-80359.026	2.5820668
745000	745	25501	769.94904	-82819.641	2537.855	-80281.786	2.571376
750000	750	25501	759.27122	-82932.241	2502.6595	-80429.582	2.5927333
755000	755	25501	772.94066	-82982.095	2547.7158	-80434.38	2.6141276
760000	760	25501	775.5205	-82926.965	2556.2193	-80370.745	2.5900491
765000	765	25501	771.53399	-82842.421	2543.0792	-80299.342	2.5688537
770000	770	25501	773.71565	-82910.232	2550.2702	-80359.962	2.5912041
775000	775	25501	770.05041	-82954.195	2538.1891	-80416.006	2.6149799
780000	780	25501	767.12154	-82907.522	2528.5351	-80378.987	2.5958464
785000	785	25501	769.15149	-82855.24	2535.2261	-80320.014	2.5705064
790000	790	25501	766.46041	-82893.438	2526.356	-80367.082	2.5899496
795000	795	25501	767.33539	-82970.937	2529.24	-80441.697	2.6089484
800000	800	25501	772.77316	-82942.789	2547.1637	-80395.625	2.5975316
805000	805	25501	767.53561	-82845.794	2529.9	-80315.894	2.5755291
810000	810	25501	767.00092	-82874.877	2528.1376	-80346.74	2.5803677
815000	815	25501	772.11214	-82971.275	2544.9849	-80426.29	2.6080701
820000	820	25501	773.81489	-82947.495	2550.5973	-80396.898	2.6007356
825000	825	25501	771.12211	-82858.064	2541.7216	-80316.342	2.5804661
830000	830	25501	766.67775	-82877.863	2527.0724	-80350.791	2.5786244
835000	835	25501	774.47237	-82951.987	2552.7645	-80399.223	2.6061848
840000	840	25501	764.92536	-82948.404	2521.2963	-80427.108	2.6053923
845000	845	25501	765.70574	-82884.945	2523.8685	-80361.076	2.5830889
850000	850	25501	770.85158	-82870.132	2540.8299	-80329.303	2.5774566
855000	855	25501	767.2013	-82934.391	2528.7981	-80405.593	2.6020176
860000	860	25501	762.52339	-82952.192	2513.379	-80438.813	2.6099719
865000	865	25501	770.71866	-82892.412	2540.3918	-80352.02	2.5831317
870000	870	25501	772.37974	-82847.08	2545.8669	-80301.213	2.5747227
875000	875	25501	763.0825	-82923.126	2515.2219	-80407.904	2.59459
880000	880	25501	768.00007	-82963.358	2531.4309	-80431.927	2.6059358
885000	885	25501	769.78139	-82922.118	2537.3024	-80384.816	2.5896293
890000	890	25501	768.49052	-82851.693	2533.0475	-80318.645	2.5737939
895000	895	25501	771.68526	-82912.164	2543.5778	-80368.586	2.5890099
900000	900	25501	764.73512	-82951.426	2520.6692	-80430.757	2.6089902
905000	905	25501	769.1078	-82943.362	2535.0821	-80408.28	2.5967598
910000	910	25501	771.96303	-82876.106	2544.4934	-80331.613	2.5746235
915000	915	25501	767.9475	-82899.54	2531.2576	-80368.282	2.5855016
920000	920	25501	769.8025	-82972.05	2537.372	-80434.678	2.6050541
925000	925	25501	771.31038	-82952.729	2542.3421	-80410.387	2.601142
930000	930	25501	763.87897	-82867.613	2517.8472	-80349.766	2.5796598
935000	935	25501	772.18244	-82867.151	2545.2166	-80321.934	2.5824091
940000	940	25501	766.61622	-82947.023	2526.8696	-80420.154	2.6058012
945000	945	25501	765.68872	-82940.454	2523.8124	-80416.642	2.6012174
950000	950	25501	767.46829	-82889.328	2529.6781	-80359.65	2.5797352
955000	955	25501	775.251	-82868.798	2555.331	-80313.468	2.5786322
960000	960	25501	766.53133	-82945.472	2526.5898	-80418.882	2.6019194
965000	965	25501	771.33581	-82939.624	2542.426	-80397.198	2.6043564
970000	970	25501	768.22141	-82904.489	2532.1605	-80372.329	2.5823348
975000	975	25501	775.28925	-82855.91	2555.457	-80300.453	2.5786737
980000	980	25501	770.52567	-82946.228	2539.7556	-80406.472	2.5994523
985000	985	25501	770.2908	-82962.779	2538.9815	-80423.798	2.6070679
990000	990	25501	767.59279	-82918.271	2530.0885	-80388.182	2.5888312
995000	995	25501	770.52098	-82876.219	2539.7402	-80336.479	2.5774189
1000000	1000	25501	773.69889	-82922.684	2550.215	-80372.469	2.5933585
1005000	1005	25501	775.89523	-82965.361	2557.4544	-80407.906	2.6081095
1010000	1010	25501	761.24595	-82934.522	2509.1684	-80425.353	2.5912352
1015000	1015	25501	763.88215	-82839.904	2517.8577	-80322.046	2.5791578
1020000	1020	25501	768.48717	-82912.715	2533.0365	-80379.678	2.5938768
1025000	1025	25501	771.81326	-82941.168	2543.9997	-80397.169	2.6072074
1030000	1030	25501	773.99165	-82924.301	2551.1799	-80373.121	2.5920074
1035000	1035	25501	764.74782	-82888.187	2520.7111	-80367.476	2.5795307
1040000	1040	25501	772.62348	-82909.785	2546.6703	-80363.114	2.5856899
1045000	1045	25501	768.06113	-82935.045	2531.6322	-80403.413	2.6068374
1050000	1050	25501	772.59813	-82918.373	2546.5867	-80371.786	2.5974845
1055000	1055	25501	770.98163	-82861.61	2541.2585	-80320.352	2.5800735
1060000	1060	25501	773.91017	-82897.039	2550.9114	-80346.128	2.5863495
1065000	1065	25501	779.61481	-82941.607	2569.7147	-80371.892	2.6011611
1070000	1070	25501	768.20297	-82978.482	2532.0997	-80446.383	2.5991023
1075000	1075	25501	766.44711	-82870.947	2526.3121	-80344.634	2.5822483
1080000	1080	25501	768.91741	-82894.267	2534.4546	-80359.812	2.5851543
1085000	1085	25501	766.80979	-82932.96	2527.5076	-80405.452	2.6004031
1090000	1090	25501	767.17803	-82959.338	2528.7214	-80430.617	2.6015934
1095000	1095	25501	776.01906	-82885.79	2557.8626	-80327.928	2.587439
1100000	1100	25501	771.67886	-82868.403	2543.5567	-80324.846	2.5792195
1105000	1105	25501	772.48472	-82933.226	2546.2129	-80387.013	2.5994583
1110000	1110	25501	762.82424	-82950.391	2514.3707	-80436.02	2.6048776
1115000	1115	25501	766.24037	-82910.538	2525.6307	-80384.908	2.5906859
1120000	1120	25501	770.05486	-82857.027	2538.2038	-80318.823	2.5800898
1125000	1125	25501	764.46752	-82938.932	2519.7871	-80419.145	2.5955197
1130000	1130	25501	776.36326	-82944.797	2558.9971	-80385.8	2.60537
1135000	1135	25501	771.4628	-82909.954	2542.8445	-80367.11	2.5924924
1140000	1140	25501	767.51496	-82879.634	2529.8319	-80349.802	2.5771908
1145000	1145	25501	769.01668	-82916.958	2534.7818	-80382.177	2.5914564
1150000	1150	25501	771.55281	-82950.475	2543.1412	-80407.334	2.6018969
1155000	1155	25501	770.55419	-82953.867	2539.8496	-80414.017	2.5932217
1160000	1160	25501	768.48189	-82895.44	2533.019	-80362.421	2.5779599
1165000	1165	25501	769.48671	-82921.801	2536.3311	-80385.47	2.5882974
1170000	1170	25501	769.68573	-82944.515	2536.9871	-80407.528	2.6008334
1175000	1175	25501	764.4821	-82948.625	2519.8352	-80428.79	2.5958265
1180000	1180	25501	768.703	-82911.668	2533.7479	-80377.92	2.5824197
1185000	1185	25501	767.5313	-82910.437	2529.8858	-80380.551	2.5865752
1190000	1190	25501	767.44329	-82950.078	2529.5957	-80420.482	2.5986461
1195000	1195	25501	763.0702	-82957.482	2515.1814	-80442.3	2.5996115
1200000	1200	25501	768.90872	-82898.46	2534.426	-80364.034	2.5843243
1205000	1205	25501	772.88781	-82896.278	2547.5416	-80348.736	2.5844568
1210000	1210	25501	768.58593	-82933.691	2533.362	-80400.329	2.5995232
1215000	1215	25501	773.89357	-82952.601	2550.8567	-80401.745	2.6008709
1220000	1220	25501	764.60307	-82892.836	2520.2339	-80372.602	2.5868439
1225000	1225	25501	771.45748	-82897.557	2542.827	-80354.73	2.5843177
1230000	1230	25501	774.76885	-82943.369	2553.7417	-80389.628	2.5956713
1235000	1235	25501	766.62993	-82945.385	2526.9147	-80418.47	2.6005225
1240000	1240	25501	765.02038	-82922.218	2521.6095	-80400.609	2.5914765
1245000	1245	25501	765.52262	-82885.979	2523.2649	-80362.714	2.579652
1250000	1250	25501	764.71233	-82942.468	2520.5941	-80421.874	2.5947114
1255000	1255	25501	767.35788	-82954.577	2529.3142	-80425.263	2.602921
1260000	1260	25501	779.98956	-82919.326	2570.9499	-80348.376	2.5900025
1265000	1265	25501	761.73149	-82900.911	2510.7688	-80390.142	2.5842218
1270000	1270	25501	774.28616	-82928.255	2552.1507	-80376.104	2.5940262
1275000	1275	25501	768.60747	-82960.811	2533.433	-80427.378	2.5991034
1280000	1280	25501	768.74956	-82940.043	2533.9013	-80406.142	2.594276
1285000	1285	25501	773.23822	-82889.637	2548.6965	-80340.94	2.5838389
1290000	1290	25501	777.04733	-82946.057	2561.2519	-80384.805	2.5913673
1295000	1295	25501	767.44904	-82940.961	2529.6146	-80411.346	2.5974876
1300000	1300	25501	768.47696	-82953.541	2533.0028	-80420.538	2.5932201
1305000	1305	25501	757.49294	-82895.383	2496.798	-80398.585	2.5851093
1310000	1310	25501	772.43948	-82919.956	2546.0638	-80373.892	2.5911878
1315000	1315	25501	775.21121	-82927.253	2555.1998	-80372.053	2.5987009
1320000	1320	25501	767.34515	-82938.767	2529.2722	-80409.495	2.5990979
1325000	1325	25501	766.67258	-82918.111	2527.0553	-80391.055	2.5873078
1330000	1330	25501	768.22322	-82930.692	2532.1665	-80398.526	2.5842652
1335000	1335	25501	765.52626	-82917.996	2523.2769	-80394.719	2.6022667
1340000	1340	25501	765.341	-82943.154	2522.6663	-80420.488	2.5975496
1345000	1345	25501	766.66655	-82905.438	2527.0354	-80378.402	2.5897569
1350000	1350	25501	765.21454	-82869.173	2522.2494	-80346.924	2.5873422
1355000	1355	25501	762.93463	-82943.245	2514.7345	-80428.511	2.594491
1360000	1360	25501	767.93852	-82918.663	2531.228	-80387.435	2.5974231
1365000	1365	25501	765.39936	-82920.917	2522.8586	-80398.058	2.5882842
1370000	1370	25501	763.10083	-82903.587	2515.2824	-80388.305	2.5839558
1375000	1375	25501	767.73187	-82940.242	2530.5469	-80409.695	2.5925868
1380000	1380	25501	764.99753	-82949.153	2521.5341	-80427.619	2.602069
1385000	1385	25501	768.72255	-82930.783	2533.8123	-80396.971	2.5887852
1390000	1390	25501	770.06425	-82896.702	2538.2347	-80358.467	2.5838411
1395000	1395	25501	761.31341	-82924.864	2509.3908	-80415.473	2.5932859
1400000	1400	25501	763.90389	-82954.495	2517.9293	-80436.566	2.6014962
1405000	1405	25501	770.65269	-82915.141	2540.1743	-80374.967	2.5948589
1410000	1410	25501	768.68809	-82885.684	2533.6987	-80351.985	2.5836994
1415000	1415	25501	770.28392	-82928.826	2538.9588	-80389.868	2.5913767
1420000	1420	25501	765.09097	-82938.415	2521.8421	-80416.572	2.5944361
1425000	1425	25501	770.45032	-82942.212	2539.5073	-80402.705	2.5960747
1430000	1430	25501	764.79601	-82888.221	2520.8699	-80367.351	2.5845436
1435000	1435	25501	765.82124	-82909.873	2524.2492	-80385.623	2.5886365
1440000	1440	25501	765.81987	-82961.314	2524.2447	-80437.069	2.6022548
1445000	1445	25501	768.18121	-82942.157	2532.028	-80410.129	2.5954811
1450000	1450	25501	767.05308	-82906.27	2528.3095	-80377.961	2.5870213
1455000	1455	25501	765.62907	-82896.489	2523.6158	-80372.873	2.58637
1460000	1460	25501	768.81173	-82934.575	2534.1062	-80400.469	2.5994128
1465000	1465	25501	770.20614	-82943.43	2538.7024	-80404.728	2.5973426
1470000	1470	25501	761.7954	-82915.925	2510.9795	-80404.946	2.5855094
1475000	1475	25501	769.87556	-82889.501	2537.6128	-80351.888	2.5854027
1480000	1480	25501	768.4318	-82962.482	2532.854	-80429.628	2.5968241
1485000	1485	25501	764.96875	-82932.365	2521.4393	-80410.925	2.5995842
1490000	1490	25501	766.40908	-82920.727	2526.1868	-80394.54	2.5905512
1495000	1495	25501	777.71662	-82903.048	2563.458	-80339.59	2.5858671
1500000	1500	25501	771.9789	-82928.788	2544.5457	-80384.242	2.5952048
1505000	1505	25501	764.36558	-82951.083	2519.4511	-80431.631	2.6003084
1510000	1510	25501	768.30931	-82921.552	2532.4502	-80389.101	2.590957
1515000	1515	25501	766.80989	-82906.432	2527.5079	-80378.924	2.585926
1520000	1520	25501	769.37487	-82930.099	2535.9624	-80394.136	2.5914427
1525000	1525	25501	771.35821	-82951.42	2542.4998	-80408.92	2.5989014
1530000	1530	25501	764.5633	-82942.861	2520.1029	-80422.758	2.5930594
1535000	1535	25501	774.13434	-82910.542	2551.6503	-80358.892	2.5874326
1540000	1540	25501	776.1381	-82928.197	2558.2549	-80369.942	2.5881485
1545000	1545	25501	774.72604	-82936.697	2553.6006	-80383.096	2.5983456
1550000	1550	25501	776.5387	-82905.62	2559.5754	-80346.044	2.5940191
1555000	1555	25501	778.85844	-82896.326	2567.2215	-80329.105	2.5887213
1560000	1560	25501	777.43482	-82914.471	2562.5291	-80351.941	2.5893943
1565000	1565	25501	770.64685	-82953.983	2540.1551	-80413.828	2.5999527
1570000	1570	25501	771.2781	-82937.523	2542.2358	-80395.287	2.5955757
1575000	1575	25501	756.8555	-82920.088	2494.6969	-80425.391	2.5842121
1580000	1580	25501	768.17537	-82906.226	2532.0087	-80374.217	2.5898384
1585000	1585	25501	770.26832	-82940.541	2538.9074	-80401.633	2.5983813
1590000	1590	25501	767.80615	-82955.443	2530.7917	-80424.651	2.5945406
1595000	1595	25501	764.44062	-82924.948	2519.6985	-80405.25	2.5862666
1600000	1600	25501	765.92872	-82946.883	2524.6035	-80422.28	2.5906892
1605000	1605	25501	770.95325	-82958.072	2541.165	-80416.907	2.5937986
1610000	1610	25501	766.30134	-82965.098	2525.8317	-80439.267	2.5953784
1615000	1615	25501	762.91994	-82925.496	2514.6861	-80410.81	2.587886
1620000	1620	25501	769.33587	-82908.974	2535.8339	-80373.14	2.5887365
1625000	1625	25501	767.66736	-82934.315	2530.3343	-80403.981	2.5971399
1630000	1630	25501	768.21555	-82960.221	2532.1412	-80428.08	2.5971032
1635000	1635	25501	767.0288	-82907.192	2528.2295	-80378.962	2.5928148
1640000	1640	25501	775.92009	-82917.04	2557.5363	-80359.504	2.5837217
1645000	1645	25501	773.53566	-82926.328	2549.677	-80376.651	2.5907026
1650000	1650	25501	772.39535	-82931.509	2545.9183	-80385.591	2.5945786
1655000	1655	25501	768.88623	-82932.262	2534.3518	-80397.911	2.5939144
1660000	1660	25501	772.66639	-82902.377	2546.8117	-80355.565	2.5884853
1665000	1665	25501	761.85149	-82924.081	2511.1644	-80412.916	2.5916797
1670000	1670	25501	768.91792	-82938.045	2534.4563	-80403.589	2.5991882
1675000	1675	25501	775.76547	-82935.408	2557.0267	-80378.381	2.5945289
1680000	1680	25501	769.5226	-82917.136	2536.4494	-80380.686	2.5884666
1685000	1685	25501	764.2352	-82946.756	2519.0214	-80427.735	2.5911516
1690000	1690	25501	769.52294	-82957.353	2536.4505	-80420.902	2.5975724
1695000	1695	25501	765.84752	-82923.292	2524.3358	-80398.957	2.5924899
1700000	1700	25501	770.07892	-82918.233	2538.2831	-80379.95	2.5905511
1705000	1705	25501	771.49038	-82922.602	2542.9354	-80379.666	2.5926267
1710000	1710	25501	775.58262	-82952.233	2556.424	-80395.809	2.593862
1715000	1715	25501	778.61955	-82941.294	2566.4341	-80374.86	2.5903776
1720000	1720	25501	773.52167	-82909.917	2549.6309	-80360.286	2.5895093
1725000	1725	25501	772.77336	-82923.578	2547.1643	-80376.413	2.5888925
1730000	1730	25501	767.48145	-82958.617	2529.7215	-80428.896	2.5961613
1735000	1735	25501	765.66986	-82926.178	2523.7502	-80402.428	2.5907196
1740000	1740	25501	767.03345	-82936.338	2528.2448	-80408.093	2.5886874
1745000	1745	25501	771.00766	-82903.17	2541.3443	-80361.825	2.5888171
1750000	1750	25501	774.23597	-82937.515	2551.9853	-80385.53	2.5932997
1755000	1755	25501	769.64332	-82951.271	2536.8473	-80414.423	2.5955526
1760000	1760	25501	768.38887	-82919.347	2532.7124	-80386.634	2.591794
1765000	1765	25501	768.90533	-82933.131	2534.4148	-80398.716	2.5886215
1770000	1770	25501	765.72184	-82954.293	2523.9216	-80430.372	2.5864577
1775000	1775	25501	771.26345	-82926.011	2542.1875	-80383.823	2.5977904
1780000	1780	25501	773.48569	-82908.216	2549.5123	-80358.704	2.591279
1785000	1785	25501	767.22649	-82928.784	2528.8811	-80399.903	2.5862256
1790000	1790	25501	768.69255	-82932.784	2533.7134	-80399.07	2.5912509
1795000	1795	25501	771.09203	-82953.801	2541.6224	-80412.178	2.588807
1800000	1800	25501	775.0294	-82933.821	2554.6005	-80379.221	2.5878043
1805000	1805	25501	767.31535	-82916.065	2529.174	-80386.891	2.5866112
1810000	1810	25501	770.15914	-82926.657	2538.5475	-80388.109	2.5881545
1815000	1815	25501	776.28584	-82961.32	2558.7419	-80402.578	2.5939478
1820000	1820	25501	764.59078	-82929.997	2520.1934	-80409.803	2.5938989
1825000	1825	25501	767.33226	-82924.032	2529.2297	-80394.802	2.5892199
1830000	1830	25501	765.48751	-82921.361	2523.1492	-80398.212	2.5875373
1835000	1835	25501	771.48731	-82963.931	2542.9253	-80421.006	2.5897564
1840000	1840	25501	765.12773	-82954.402	2521.9633	-80432.438	2.588833
1845000	1845	25501	765.08225	-82919.911	2521.8134	-80398.098	2.5892162
1850000	1850	25501	766.59836	-82930.452	2526.8107	-80403.642	2.5914455
1855000	1855	25501	769.79746	-82949.827	2537.3554	-80412.472	2.5891022
1860000	1860	25501	763.85045	-82972.626	2517.7532	-80454.873	2.5934498
1865000	1865	25501	763.41931	-82938.407	2516.3321	-80422.075	2.5862642
1870000	1870	25501	767.81598	-82927.84	2530.8241	-80397.016	2.5862043
1875000	1875	25501	768.92368	-82956.446	2534.4752	-80421.97	2.5896857
1880000	1880	25501	772.91452	-82948.958	2547.6296	-80401.328	2.5924675
1885000	1885	25501	768.05947	-82919.322	2531.6267	-80387.695	2.5885122
1890000	1890	25501	771.94205	-82959.552	2544.4242	-80415.128	2.5901237
1895000	1895	25501	769.42663	-82931.819	2536.1331	-80395.686	2.5950897
1900000	1900	25501	761.61641	-82956.687	2510.3895	-80446.298	2.5894303
1905000	1905	25501	767.79457	-82934.523	2530.7536	-80403.769	2.5924263
1910000	1910	25501	774.48262	-82928.503	2552.7983	-80375.705	2.5864541
1915000	1915	25501	765.32411	-82963.2	2522.6106	-80440.59	2.5927569
1920000	1920	25501	769.22954	-82962.77	2535.4834	-80427.287	2.5928659
1925000	1925	25501	770.27206	-82923.252	2538.9197	-80384.333	2.5888348
1930000	1930	25501	763.42087	-82898.988	2516.3372	-80382.651	2.5893425
1935000	1935	25501	762.6139	-82933.012	2513.6774	-80419.335	2.5887456
1940000	1940	25501	771.32155	-82954.953	2542.379	-80412.574	2.5910472
1945000	1945	25501	775.14468	-82943.278	2554.9805	-80388.297	2.5889785
1950000	1950	25501	771.22791	-82929.69	2542.0703	-80387.62	2.5857292
1955000	1955	25501	766.81827	-82971.3	2527.5355	-80443.764	2.5919632
1960000	1960	25501	767.35789	-82939.72	2529.3142	-80410.406	2.5897381
1965000	1965	25501	771.95447	-82925.905	2544.4652	-80381.44	2.5935904
1970000	1970	25501	769.97704	-82894.209	2537.9473	-80356.261	2.5825039
1975000	1975	25501	771.71874	-82930.569	2543.6881	-80386.881	2.5914524
1980000	1980	25501	772.40164	-82941.478	2545.9391	-80395.539	2.594182
1985000	1985	25501	766.55898	-82922.794	2526.6809	-80396.113	2.5958945
1990000	1990	25501	765.39124	-82931.3	2522.8319	-80408.468	2.5894834
1995000	1995	25501	765.99126	-82937.587	2524.8096	-80412.777	2.5928569
2000000	2000	25501	774.47098	-82988.254	2552.7599	-80435.494	2.597692
2005000	2005	25501	769.54778	-82953.707	2536.5324	-80417.174	2.593984
2010000	2010	25501	768.38679	-82938.281	2532.7056	-80405.575	2.589268
2015000	2015	25501	767.07893	-82938.977	2528.3947	-80410.582	2.5927963
2020000	2020	25501	768.11343	-82920.641	2531.8046	-80388.836	2.5947753
2025000	2025	25501	773.4923	-82945.486	2549.534	-80395.952	2.5962316
2030000	2030	25501	761.48981	-82924.729	2509.9722	-80414.757	2.5906879
2035000	2035	25501	770.74945	-82926.103	2540.4932	-80385.609	2.5926371
2040000	2040	25501	773.70311	-82947.816	2550.2289	-80397.587	2.5929275
2045000	2045	25501	769.67826	-82923.716	2536.9625	-80386.753	2.5948847
2050000	2050	25501	763.86668	-82938.304	2517.8067	-80420.497	2.5913494
2055000	2055	25501	765.97337	-82924.869	2524.7506	-80400.118	2.5917682
2060000	2060	25501	773.72434	-82942.87	2550.2989	-80392.571	2.5949567
2065000	2065	25501	765.57104	-82937.981	2523.4245	-80414.556	2.5928407
2070000	2070	25501	772.56393	-82934.467	2546.474	-80387.993	2.5947612
2075000	2075	25501	761.98825	-82936.481	2511.6152	-80424.866	2.5876588
2080000	2080	25501	772.13152	-82933.308	2545.0487	-80388.259	2.594011
2085000	2085	25501	772.15454	-82951.45	2545.1246	-80406.326	2.5938193
2090000	2090	25501	776.63153	-82920.882	2559.8814	-80361	2.59547
2095000	2095	25501	767.27151	-82943.218	2529.0295	-80414.189	2.5887699
2100000	2100	25501	772.01202	-82922.102	2544.6548	-80377.447	2.5936053
2105000	2105	25501	773.38294	-82951.767	2549.1736	-80402.593	2.5972682
2110000	2110	25501	762.95985	-82921.04	2514.8177	-80406.222	2.5941853
2115000	2115	25501	766.88629	-82908.043	2527.7598	-80380.283	2.5915482
2120000	2120	25501	770.10273	-82937.221	2538.3616	-80398.859	2.5917981
2125000	2125	25501	768.3618	-82942.675	2532.6232	-80410.052	2.595752
2130000	2130	25501	763.6915	-82946.335	2517.2293	-80429.105	2.5920326
2135000	2135	25501	769.5564	-82916.322	2536.5608	-80379.761	2.5915758
2140000	2140	25501	772.0121	-82936.683	2544.6551	-80392.028	2.5929416
2145000	2145	25501	773.19306	-82931.207	2548.5477	-80382.66	2.5941878
2150000	2150	25501	772.68926	-82950.647	2546.8871	-80403.76	2.5949849
2155000	2155	25501	767.23464	-82937.166	2528.908	-80408.258	2.5897205
2160000	2160	25501	764.05825	-82931.879	2518.4382	-80413.441	2.5942573
2165000	2165	25501	764.49268	-82956.004	2519.8701	-80436.134	2.5941546
2170000	2170	25501	772.63732	-82964.721	2546.7159	-80418.005	2.5957682
2175000	2175	25501	770.71266	-82916.837	2540.372	-80376.465	2.5897228
2180000	2180	25501	764.69994	-82921.073	2520.5532	-80400.519	2.5923388
2185000	2185	25501	769.14323	-82939.552	2535.1989	-80404.353	2.5962372
2190000	2190	25501	766.13621	-82948.042	2525.2874	-80422.755	2.5931701
2195000	2195	25501	772.94512	-82915.107	2547.7305	-80367.376	2.5923971
2200000	2200	25501	766.54231	-82931.728	2526.6259	-80405.102	2.5871749
2205000	2205	25501	763.82496	-82948.936	2517.6692	-80431.267	2.5930091
2210000	2210	25501	760.74714	-82946.422	2507.5243	-80438.897	2.5953818
2215000	2215	25501	765.6297	-82942.965	2523.6178	-80419.347	2.590959
2220000	2220	25501	776.18069	-82926.469	2558.3953	-80368.074	2.5887571
2225000	2225	25501	771.68722	-82966.103	2543.5842	-80422.519	2.5940655
2230000	2230	25501	765.0588	-82950.559	2521.7361	-80428.823	2.5957743
2235000	2235	25501	773.43774	-82943.43	2549.3542	-80394.076	2.588157
2240000	2240	25501	773.4168	-82932.943	2549.2852	-80383.658	2.5930327
2245000	2245	25501	765.20296	-82932.523	2522.2113	-80410.312	2.592736
2250000	2250	25501	764.93086	-82941.608	2521.3144	-80420.294	2.5956568
2255000	2255	25501	767.25972	-82955.661	2528.9906	-80426.67	2.594069
2260000	2260	25501	768.34395	-82952.187	2532.5644	-80419.623	2.5873905
2265000	2265	25501	772.00952	-82942.57	2544.6466	-80397.923	2.5913363
2270000	2270	25501	768.17815	-82957.734	2532.0179	-80425.716	2.5948544
2275000	2275	25501	774.85491	-82951.488	2554.0254	-80397.462	2.5962742
2280000	2280	25501	765.78249	-82923.155	2524.1215	-80399.034	2.5898319
2285000	2285	25501	771.51579	-82933.807	2543.0192	-80390.788	2.5938636
2290000	2290	25501	770.01342	-82944.259	2538.0672	-80406.191	2.5949882
2295000	2295	25501	762.30286	-82931.918	2512.6521	-80419.265	2.5952287
2300000	2300	25501	768.01329	-82933.386	2531.4745	-80401.911	2.5871571
2305000	2305	25501	760.93457	-82944.658	2508.1421	-80436.516	2.5941294
2310000	2310	25501	765.74128	-82938.152	2523.9856	-80414.166	2.5958937
2315000	2315	25501	770.76264	-82944.103	2540.5367	-80403.567	2.5942114
2320000	2320	25501	774.34417	-82939.276	2552.3419	-80386.934	2.5925896
2325000	2325	25501	769.37492	-82952.499	2535.9626	-80416.536	2.5887679
2330000	2330	25501	773.74228	-82927.767	2550.358	-80377.409	2.596181
2335000	2335	25501	772.37026	-82934.103	2545.8356	-80388.267	2.5954065
2340000	2340	25501	767.36998	-82943.427	2529.354	-80414.073	2.5910212
2345000	2345	25501	765.63401	-82921.38	2523.6321	-80397.748	2.5906007
2350000	2350	25501	777.94991	-82937.19	2564.2269	-80372.963	2.5894117
2355000	2355	25501	774.48367	-82959.339	2552.8017	-80406.537	2.594629
2360000	2360	25501	769.96014	-82948.582	2537.8915	-80410.691	2.5919309
2365000	2365	25501	767.88473	-82947.007	2531.0507	-80415.956	2.589467
2370000	2370	25501	766.63905	-82933.019	2526.9448	-80406.075	2.5927958
2375000	2375	25501	766.97106	-82932.732	2528.0392	-80404.693	2.5903042
2380000	2380	25501	766.16112	-82966.195	2525.3695	-80440.825	2.5889454
2385000	2385	25501	770.12742	-82933.319	2538.4429	-80394.876	2.5892869
2390000	2390	25501	770.629	-82943.847	2540.0962	-80403.75	2.5908482
2395000	2395	25501	769.92102	-82964.803	2537.7626	-80427.04	2.5982707
2400000	2400	25501	768.33238	-82944.88	2532.5262	-80412.354	2.5915742
2405000	2405	25501	768.80799	-82935.521	2534.0939	-80401.427	2.5913086
2410000	2410	25501	766.7379	-82953.006	2527.2706	-80425.735	2.5936719
2415000	2415	25501	767.61474	-82965.814	2530.1608	-80435.653	2.5900119
2420000	2420	25501	776.76061	-82950.501	2560.3068	-80390.194	2.5949549
2425000	2425	25501	762.82208	-82949.079	2514.3635	-80434.716	2.5906666
2430000	2430	25501	768.72587	-82952.671	2533.8232	-80418.848	2.5942849
2435000	2435	25501	764.16573	-82948.565	2518.7924	-80429.772	2.5900832
2440000	2440	25501	772.04131	-82929.669	2544.7514	-80384.917	2.5971448
2445000	2445	25501	765.60695	-82954.415	2523.5429	-80430.872	2.5929601
2450000	2450	25501	770.06395	-82944.491	2538.2337	-80406.257	2.5891267
2455000	2455	25501	766.89089	-82949.473	2527.7749	-80421.698	2.5915715
2460000	2460	25501	772.29233	-82951.238	2545.5788	-80405.659	2.5910344
2465000	2465	25501	768.47059	-82936.162	2532.9818	-80403.18	2.5921517
2470000	2470	25501	768.49818	-82931.692	2533.0728	-80398.619	2.5875942
2475000	2475	25501	766.16966	-82953.028	2525.3976	-80427.63	2.5915122
2480000	2480	25501	764.56546	-82974.185	2520.11	-80454.075	2.5949015
2485000	2485	25501	771.29356	-82928.898	2542.2867	-80386.611	2.5947638
2490000	2490	25501	780.93194	-82943.362	2574.0561	-80369.306	2.5933328
2495000	2495	25501	772.72739	-82945.772	2547.0128	-80398.759	2.5938863
2500000	2500	25501	773.74894	-82923.481	2550.3799	-80373.101	2.5971923
2505000	2505	25501	771.62026	-82941.142	2543.3636	-80397.778	2.5915012
2510000	2510	25501	778.12573	-82943.907	2564.8065	-80379.1	2.5897445
2515000	2515	25501	765.59113	-82966.269	2523.4907	-80442.778	2.5909853
2520000	2520	25501	774.75142	-82951.984	2553.6843	-80398.3	2.5977979
2525000	2525	25501	770.7886	-82923.926	2540.6223	-80383.303	2.5949092
2530000	2530	25501	765.65688	-82928.736	2523.7074	-80405.028	2.5904874
2535000	2535	25501	767.12888	-82939.633	2528.5594	-80411.074	2.5907548
2540000	2540	25501	770.05319	-82950.02	2538.1983	-80411.821	2.5937686
2545000	2545	25501	765.12969	-82940.917	2521.9698	-80418.948	2.5952303
2550000	2550	25501	763.54422	-82952.575	2516.7438	-80435.831	2.5919795
2555000	2555	25501	769.20533	-82948.142	2535.4036	-80412.738	2.5928098
2560000	2560	25501	768.47902	-82946.923	2533.0096	-80413.914	2.5954888
2565000	2565	25501	769.05819	-82939.089	2534.9186	-80404.17	2.5918924
2570000	2570	25501	772.2563	-82929.162	2545.46	-80383.702	2.5936088
2575000	2575	25501	765.67921	-82937.148	2523.7811	-80413.367	2.5937176
2580000	2580	25501	772.80404	-82953.716	2547.2654	-80406.45	2.5954083
2585000	2585	25501	768.5744	-82944.492	2533.324	-80411.168	2.5945198
2590000	2590	25501	774.46577	-82940.263	2552.7427	-80387.52	2.5920982
2595000	2595	25501	768.74165	-82936.684	2533.8753	-80402.809	2.5937285
2600000	2600	25501	771.82066	-82936.028	2544.0241	-80392.004	2.5895703
2605000	2605	25501	767.25557	-82950.993	2528.9769	-80422.016	2.5981202
2610000	2610	25501	763.54814	-82956.521	2516.7567	-80439.764	2.588831
2615000	2615	25501	773.9601	-82938.738	2551.076	-80387.662	2.5909746
2620000	2620	25501	769.16932	-82948.651	2535.2849	-80413.366	2.5948472
2625000	2625	25501	769.57642	-82966.68	2536.6268	-80430.053	2.5967158
2630000	2630	25501	765.4675	-82937.404	2523.0832	-80414.321	2.5907482
2635000	2635	25501	774.50609	-82934.247	2552.8756	-80381.371	2.5914046
2640000	2640	25501	774.19634	-82968.338	2551.8546	-80416.483	2.5934872
2645000	2645	25501	773.45914	-82948.278	2549.4247	-80398.853	2.5938333
2650000	2650	25501	761.58165	-82934.168	2510.2749	-80423.893	2.5920713
2655000	2655	25501	769.91257	-82926.983	2537.7348	-80389.248	2.5920794
2660000	2660	25501	765.51935	-82950.085	2523.2541	-80426.831	2.5933992
2665000	2665	25501	767.77091	-82927.226	2530.6756	-80396.55	2.5929251
2670000	2670	25501	766.51169	-82940.747	2526.525	-80414.222	2.591219
2675000	2675	25501	766.47869	-82932.18	2526.4163	-80405.764	2.5930122
2680000	2680	25501	768.23078	-82951.591	2532.1914	-80419.4	2.5944214
2685000	2685	25501	769.71823	-82954.375	2537.0942	-80417.281	2.5956637
2690000	2690	25501	770.09687	-82940.193	2538.3422	-80401.85	2.5904749
2695000	2695	25501	771.59957	-82925.208	2543.2953	-80381.913	2.5949554
2700000	2700	25501	765.56232	-82948.236	2523.3958	-80424.841	2.5922572
2705000	2705	25501	774.92409	-82927.942	2554.2534	-80373.689	2.5967776
2710000	2710	25501	767.64153	-82958.347	2530.2491	-80428.098	2.5948978
2715000	2715	25501	772.64325	-82927.614	2546.7354	-80380.878	2.592086
2720000	2720	25501	775.13518	-82945.359	2554.9492	-80390.41	2.5939285
2725000	2725	25501	766.70725	-82939.02	2527.1696	-80411.85	2.5930921
2730000	2730	25501	768.69749	-82947.564	2533.7297	-80413.834	2.5978533
2735000	2735	25501	773.17029	-82939.094	2548.4726	-80390.621	2.5895857
2740000	2740	25501	765.13398	-82945.296	2521.9839	-80423.312	2.5945131
2745000	2745	25501	769.09385	-82984.046	2535.0361	-80449.009	2.5929115
2750000	2750	25501	771.62452	-82970.796	2543.3776	-80427.418	2.5941752
2755000	2755	25501	767.50394	-82938.916	2529.7956	-80409.12	2.5919112
2760000	2760	25501	772.91308	-82949.218	2547.6249	-80401.593	2.5914032
2765000	2765	25501	766.85754	-82959.949	2527.665	-80432.284	2.5922137
2770000	2770	25501	770.07449	-82962.103	2538.2685	-80423.834	2.594858
2775000	2775	25501	770.45808	-82957.957	2539.5329	-80418.424	2.5943365
2780000	2780	25501	773.19559	-82940.056	2548.556	-80391.5	2.5870641
2785000	2785	25501	768.59144	-82924.063	2533.3801	-80390.683	2.5882049
2790000	2790	25501	769.01713	-82959.083	2534.7833	-80424.3	2.5916821
2795000	2795	25501	769.96368	-82970.18	2537.9032	-80432.277	2.5909455
2800000	2800	25501	772.17456	-82949.229	2545.1906	-80404.038	2.5869161
2805000	2805	25501	764.58364	-82941.597	2520.1699	-80421.427	2.5891737
2810000	2810	25501	768.96985	-82952.706	2534.6274	-80418.078	2.5895324
2815000	2815	25501	768.31275	-82936.084	2532.4615	-80403.623	2.5916665
2820000	2820	25501	759.6343	-82950.943	2503.8562	-80447.086	2.5899022
2825000	2825	25501	766.8269	-82961.819	2527.564	-80434.255	2.5907926
2830000	2830	25501	770.18812	-82967.512	2538.643	-80428.869	2.592776
2835000	2835	25501	768.1192	-82953.502	2531.8236	-80421.679	2.5869862
2840000	2840	25501	773.26915	-82946.785	2548.7985	-80397.986	2.5916477
2845000	2845	25501	766.86166	-82950.944	2527.6785	-80423.265	2.5894063
2850000	2850	25501	764.60382	-82956.418	2520.2364	-80436.182	2.591866
2855000	2855	25501	771.77092	-82964.865	2543.8601	-80421.005	2.5928353
2860000	2860	25501	770.65996	-82957.499	2540.1983	-80417.3	2.5890043
2865000	2865	25501	763.80855	-82942.504	2517.6151	-80424.888	2.5906488
2870000	2870	25501	760.66712	-82971.838	2507.2605	-80464.578	2.5892286
2875000	2875	25501	768.58656	-82951.405	2533.3641	-80418.041	2.5938688
2880000	2880	25501	766.2307	-82956.161	2525.5988	-80430.562	2.5883465
2885000	2885	25501	769.57511	-82942.098	2536.6225	-80405.476	2.5916123
2890000	2890	25501	774.1102	-82950.516	2551.5707	-80398.946	2.5914264
2895000	2895	25501	770.27805	-82986.158	2538.9394	-80447.218	2.5963934
2900000	2900	25501	768.90255	-82942.624	2534.4056	-80408.218	2.5887134
2905000	2905	25501	768.04771	-82930.276	2531.5879	-80398.689	2.5863932
2910000	2910	25501	766.55083	-82936.043	2526.654	-80409.389	2.5930737
2915000	2915	25501	772.11049	-82966.202	2544.9794	-80421.223	2.594011
2920000	2920	25501	767.65325	-82960.13	2530.2877	-80429.842	2.5916878
2925000	2925	25501	769.80655	-82951.609	2537.3853	-80414.223	2.5862053
2930000	2930	25501	767.60666	-82970.765	2530.1342	-80440.631	2.591836
2935000	2935	25501	764.4926	-82951.933	2519.8698	-80432.064	2.5948215
2940000	2940	25501	768.63517	-82972.789	2533.5243	-80439.265	2.5912087
2945000	2945	25501	764.27397	-82951.199	2519.1492	-80432.05	2.59062
2950000	2950	25501	769.40348	-82941.732	2536.0567	-80405.675	2.5894073
2955000	2955	25501	768.31126	-82974.815	2532.4566	-80442.359	2.59392
2960000	2960	25501	768.89225	-82955.728	2534.3717	-80421.356	2.589833
2965000	2965	25501	770.80157	-82946.5	2540.665	-80405.834	2.5886243
2970000	2970	25501	771.82221	-82959.276	2544.0292	-80415.247	2.5869577
2975000	2975	25501	775.44462	-82944.761	2555.9691	-80388.792	2.591499
2980000	2980	25501	776.54163	-82957.866	2559.585	-80398.281	2.5930751
2985000	2985	25501	761.51752	-82928.944	2510.0635	-80418.881	2.5913569
2990000	2990	25501	764.90531	-82950.606	2521.2302	-80429.376	2.58871
2995000	2995	25501	767.43962	-82936.074	2529.5836	-80406.491	2.5913382
3000000	3000	25501	771.88229	-82967.675	2544.2272	-80423.448	2.5914144
