Step	Time	Atoms	Temp	PotEng	KinEng	TotEng	Density
0	0	25501	1500	-85358.078	4944.2005	-80413.877	2.6589565
5000	5	25501	763.04509	-82973.861	2515.0986	-80458.762	2.5954267
10000	10	25501	770.12964	-82610.824	2538.4502	-80072.374	2.5373481
15000	15	25501	769.29095	-82904.334	2535.6858	-80368.648	2.5788728
20000	20	25501	767.95536	-83016.473	2531.2835	-80485.19	2.6412187
25000	25	25501	766.31609	-82996.294	2525.8803	-80470.414	2.6086266
30000	30	25501	763.96984	-82654.698	2518.1467	-80136.551	2.5458048
35000	35	25501	772.50188	-82810.607	2546.2695	-80264.338	2.56908
40000	40	25501	762.93525	-82994.054	2514.7366	-80479.318	2.6330765
45000	45	25501	771.35876	-83021.119	2542.5016	-80478.617	2.621735
50000	50	25501	767.31163	-82761.367	2529.1617	-80232.205	2.5555043
55000	55	25501	767.12173	-82747.753	2528.5358	-80219.217	2.557006
60000	60	25501	768.23187	-82982.69	2532.1949	-80450.495	2.6144341
65000	65	25501	771.6894	-82969.016	2543.5914	-80425.424	2.6308798
70000	70	25501	767.14484	-82839.825	2528.612	-80311.213	2.5642251
75000	75	25501	764.70298	-82711.959	2520.5633	-80191.396	2.5530537
80000	80	25501	769.3599	-82930.474	2535.9131	-80394.561	2.6023842
85000	85	25501	769.75318	-82959.254	2537.2094	-80422.044	2.635408
90000	90	25501	768.22135	-82909.773	2532.1603	-80377.613	2.5870924
95000	95	25501	763.00305	-82666.684	2514.9601	-80151.724	2.5495955
100000	100	25501	764.58031	-82923.453	2520.1589	-80403.294	2.5856763
105000	105	25501	773.29577	-82965.094	2548.8862	-80416.208	2.6363936
110000	110	25501	768.80468	-82966.772	2534.083	-80432.689	2.6013004
115000	115	25501	765.79934	-82709.273	2524.177	-80185.096	2.551377
120000	120	25501	766.98759	-82850.374	2528.0936	-80322.281	2.5733816
125000	125	25501	760.95106	-82977.083	2508.1964	-80468.886	2.6306216
130000	130	25501	767.61643	-82996.462	2530.1664	-80466.295	2.6133748
135000	135	25501	769.30202	-82741.546	2535.7223	-80205.824	2.5582303
140000	140	25501	768.16631	-82791.511	2531.9789	-80259.532	2.5614493
145000	145	25501	771.28963	-82975.158	2542.2737	-80432.885	2.6229409
150000	150	25501	767.06656	-82988.638	2528.3539	-80460.284	2.6263506
155000	155	25501	768.35886	-82805.571	2532.6135	-80272.957	2.5677223
160000	160	25501	771.92708	-82736.535	2544.3749	-80192.161	2.5559977
165000	165	25501	764.51995	-82969.501	2519.96	-80449.541	2.6120998
170000	170	25501	770.46887	-82984.284	2539.5684	-80444.716	2.6299538
175000	175	25501	761.79307	-82862.119	2510.9718	-80351.147	2.5787229
180000	180	25501	767.62768	-82708.787	2530.2035	-80178.583	2.5535259
185000	185	25501	770.94826	-82939.797	2541.1485	-80398.648	2.5989994
190000	190	25501	774.43179	-82993.986	2552.6307	-80441.355	2.6355691
195000	195	25501	763.94144	-82916.471	2518.0531	-80398.418	2.5897594
200000	200	25501	767.39564	-82689.356	2529.4386	-80159.917	2.5495819
205000	205	25501	765.89181	-82922.109	2524.4818	-80397.627	2.5892988
210000	210	25501	767.36583	-82993.002	2529.3404	-80463.662	2.631863
215000	215	25501	764.84965	-82941.426	2521.0467	-80420.379	2.5940011
220000	220	25501	770.22991	-82738.826	2538.7808	-80200.045	2.5528363
225000	225	25501	779.3943	-82863.124	2568.9878	-80294.136	2.5764997
230000	230	25501	764.56007	-82990.375	2520.0922	-80470.282	2.6244324
235000	235	25501	770.45485	-82968.795	2539.5222	-80429.273	2.6091609
240000	240	25501	777.08621	-82772.225	2561.3801	-80210.845	2.5608628
245000	245	25501	762.08977	-82819.496	2511.9498	-80307.546	2.5692753
250000	250	25501	771.38077	-82993.428	2542.5742	-80450.854	2.6196315
255000	255	25501	770.77954	-82970.858	2540.5924	-80430.266	2.6191561
260000	260	25501	767.55928	-82804.333	2529.978	-80274.355	2.5667569
265000	265	25501	767.32278	-82775.038	2529.1985	-80245.84	2.5618427
270000	270	25501	769.17196	-82974.426	2535.2936	-80439.132	2.6097529
275000	275	25501	766.20329	-82965.752	2525.5085	-80440.243	2.6251193
280000	280	25501	770.79399	-82862.928	2540.64	-80322.288	2.5803539
285000	285	25501	765.91922	-82760.028	2524.5721	-80235.456	2.5571118
290000	290	25501	772.75306	-82925.399	2547.0974	-80378.301	2.5985642
295000	295	25501	773.145	-82953.263	2548.3893	-80404.874	2.627909
300000	300	25501	774.61756	-82918.371	2553.243	-80365.128	2.5874412
305000	305	25501	770.17397	-82731.291	2538.5964	-80192.695	2.555036
310000	310	25501	764.59609	-82912.468	2520.2109	-80392.257	2.5843415
315000	315	25501	774.67616	-82976.133	2553.4362	-80422.697	2.6261728
320000	320	25501	765.20569	-82951.989	2522.2202	-80429.769	2.5944574
325000	325	25501	769.04992	-82741.668	2534.8914	-80206.776	2.5572951
330000	330	25501	767.62854	-82878.751	2530.2063	-80348.545	2.5779148
335000	335	25501	765.62479	-82976.971	2523.6017	-80453.37	2.6238064
340000	340	25501	767.9601	-82957.365	2531.2991	-80426.066	2.6064554
345000	345	25501	770.08	-82771.711	2538.2866	-80233.424	2.5621256
350000	350	25501	774.74306	-82838.074	2553.6567	-80284.417	2.5718847
355000	355	25501	762.74211	-82977.366	2514.1	-80463.266	2.6158299
360000	360	25501	768.69255	-82944.577	2533.7134	-80410.864	2.6137788
365000	365	25501	763.30589	-82844.176	2515.9583	-80328.217	2.5716759
370000	370	25501	771.31063	-82802.933	2542.343	-80260.59	2.5628781
375000	375	25501	768.96019	-82966.393	2534.5956	-80431.797	2.6090477
380000	380	25501	767.81694	-82980.006	2530.8273	-80449.178	2.6167677
385000	385	25501	764.43965	-82863.175	2519.6953	-80343.479	2.5773004
390000	390	25501	764.53609	-82775.691	2520.0132	-80255.678	2.5634968
395000	395	25501	769.98367	-82959.417	2537.9691	-80421.448	2.6009785
400000	400	25501	768.2592	-82966.13	2532.285	-80433.845	2.6236112
405000	405	25501	771.50064	-82893.697	2542.9693	-80350.728	2.5859251
410000	410	25501	769.75483	-82766.015	2537.2148	-80228.8	2.5634695
415000	415	25501	770.9268	-82901.354	2541.0778	-80360.276	2.5897688
420000	420	25501	760.24773	-82974.342	2505.8782	-80468.464	2.6194102
425000	425	25501	766.98375	-82920.697	2528.081	-80392.616	2.5953544
430000	430	25501	766.70129	-82778.777	2527.15	-80251.627	2.5642359
435000	435	25501	766.40524	-82857.443	2526.1741	-80331.269	2.5840603
440000	440	25501	769.24122	-82974.187	2535.5219	-80438.665	2.6187971
445000	445	25501	769.51103	-82951.748	2536.4112	-80415.337	2.6037265
450000	450	25501	776.54619	-82792.048	2559.6001	-80232.448	2.5631462
455000	455	25501	771.10502	-82853.798	2541.6652	-80312.133	2.5781685
460000	460	25501	765.74464	-82963.308	2523.9967	-80439.311	2.6136082
465000	465	25501	769.81084	-82948.46	2537.3994	-80411.06	2.6084444
470000	470	25501	767.18129	-82810.918	2528.7321	-80282.186	2.5714027
475000	475	25501	760.29485	-82838.103	2506.0335	-80332.069	2.5734113
480000	480	25501	768.76516	-82963.325	2533.9527	-80429.372	2.6092564
485000	485	25501	771.61439	-82945.734	2543.3442	-80402.389	2.6154616
490000	490	25501	773.05087	-82857.278	2548.079	-80309.199	2.5793827
495000	495	25501	769.15607	-82798.523	2535.2412	-80263.282	2.5666825
500000	500	25501	767.15295	-82940.263	2528.6387	-80411.625	2.6005373
505000	505	25501	764.1922	-82981.881	2518.8797	-80463.002	2.6183827
510000	510	25501	767.57435	-82897.701	2530.0277	-80367.674	2.583632
515000	515	25501	771.16804	-82799.163	2541.873	-80257.29	2.5651242
520000	520	25501	774.98449	-82917.992	2554.4525	-80363.54	2.5911939
525000	525	25501	774.04427	-82959.084	2551.3534	-80407.73	2.6196386
530000	530	25501	769.70123	-82916.102	2537.0382	-80379.064	2.588913
535000	535	25501	766.70571	-82797.033	2527.1645	-80269.869	2.5672078
540000	540	25501	766.21591	-82915.963	2525.5501	-80390.413	2.5861084
545000	545	25501	762.75872	-82949.891	2514.1547	-80435.736	2.6184887
550000	550	25501	763.44765	-82942.212	2516.4255	-80425.787	2.5963492
555000	555	25501	769.02077	-82800.865	2534.7953	-80266.069	2.5693238
560000	560	25501	768.92136	-82871.838	2534.4676	-80337.371	2.5823615
565000	565	25501	767.24029	-82964.496	2528.9266	-80435.569	2.6164922
570000	570	25501	770.55725	-82938.097	2539.8597	-80398.238	2.599144
575000	575	25501	766.74902	-82826.82	2527.3073	-80299.513	2.5719573
580000	580	25501	772.54543	-82836.341	2546.413	-80289.928	2.5736531
585000	585	25501	772.63833	-82971.752	2546.7192	-80425.033	2.6126269
590000	590	25501	768.90889	-82930.812	2534.4265	-80396.385	2.60913
595000	595	25501	766.30359	-82825.584	2525.8391	-80299.745	2.5761969
600000	600	25501	767.09574	-82833.827	2528.4501	-80305.376	2.5732521
605000	605	25501	773.85931	-82970.146	2550.7438	-80419.402	2.6042039
610000	610	25501	772.26287	-82968.699	2545.4817	-80423.218	2.6141992
615000	615	25501	763.79434	-82871.633	2517.5683	-80354.065	2.5824216
620000	620	25501	767.67208	-82795.284	2530.3498	-80264.935	2.5712897
625000	625	25501	774.3204	-82932.847	2552.2636	-80380.583	2.5966084
630000	630	25501	773.35028	-82955.507	2549.0659	-80406.441	2.6159576
635000	635	25501	765.67592	-82875.225	2523.7702	-80351.455	2.5856649
640000	640	25501	765.28136	-82813.055	2522.4697	-80290.586	2.5676377
645000	645	25501	770.46319	-82899.047	2539.5497	-80359.497	2.5927422
650000	650	25501	769.9671	-82939.158	2537.9145	-80401.244	2.6149159
655000	655	25501	770.10682	-82911.131	2538.375	-80372.755	2.5905384
660000	660	25501	767.13867	-82833.62	2528.5916	-80305.028	2.5683591
665000	665	25501	766.4524	-82881.543	2526.3296	-80355.213	2.5867343
670000	670	25501	756.19735	-82948.841	2492.5276	-80456.314	2.6105659
675000	675	25501	760.91667	-82949.685	2508.0831	-80441.602	2.5980508
680000	680	25501	764.07826	-82818.853	2518.5041	-80300.349	2.571366
685000	685	25501	766.71766	-82870.569	2527.2039	-80343.365	2.5805796
690000	690	25501	761.57569	-82943.059	2510.2553	-80432.803	2.6093098
695000	695	25501	766.94747	-82947.957	2527.9614	-80419.996	2.6023143
700000	700	25501	767.1259	-82838.377	2528.5495	-80309.827	2.5773129
705000	705	25501	766.60292	-82853.384	2526.8257	-80326.558	2.5788173
710000	710	25501	772.52343	-82964.692	2546.3405	-80418.351	2.6047732
715000	715	25501	768.43655	-82916.019	2532.8696	-80383.15	2.6073667
720000	720	25501	769.60381	-82868.704	2536.717	-80331.987	2.5786184
725000	725	25501	770.05208	-82827.13	2538.1946	-80288.936	2.5741675
730000	730	25501	775.82653	-82951.673	2557.228	-80394.445	2.5979876
735000	735	25501	768.88491	-82938.665	2534.3475	-80404.318	2.612207
740000	740	25501	769.65783	-82877.317	2536.8951	-80340.422	2.5862009
745000	745	25501	774.08401	-82808.471	2551.4844	-80256.987	2.5720992
750000	750	25501	766.14195	-82909.067	2525.3063	-80383.761	2.5962592
755000	755	25501	777.69403	-82959.188	2563.3835	-80395.804	2.6116917
760000	760	25501	768.69934	-82915.809	2533.7358	-80382.073	2.5884959
765000	765	25501	766.27474	-82831.896	2525.744	-80306.152	2.5718678
770000	770	25501	772.29284	-82883.711	2545.5805	-80338.131	2.5936088
775000	775	25501	766.49312	-82951.501	2526.4638	-80425.037	2.609824
780000	780	25501	763.94333	-82907.871	2518.0594	-80389.811	2.5971306
785000	785	25501	765.07663	-82829.913	2521.7949	-80308.119	2.5756115
790000	790	25501	768.88312	-82901.587	2534.3416	-80367.245	2.5862228
795000	795	25501	764.81703	-82956.317	2520.9392	-80435.378	2.6115172
800000	800	25501	768.35654	-82940.017	2532.6059	-80407.411	2.5983948
805000	805	25501	770.2844	-82843.291	2538.9604	-80304.331	2.5783191
810000	810	25501	765.44588	-82864.297	2523.012	-80341.285	2.5828527
815000	815	25501	768.20114	-82949.545	2532.0937	-80417.451	2.6060917
820000	820	25501	773.96097	-82934.42	2551.0788	-80383.341	2.6027893
825000	825	25501	765.86551	-82850.099	2524.3951	-80325.704	2.5762804
830000	830	25501	764.25646	-82864.72	2519.0915	-80345.629	2.5809219
835000	835	25501	769.86518	-82909.684	2537.5786	-80372.106	2.6020346
840000	840	25501	758.91021	-82936.756	2501.4695	-80435.286	2.6055587
845000	845	25501	769.22615	-82851.967	2535.4722	-80316.495	2.5807656
850000	850	25501	755.87948	-82842.205	2491.4798	-80350.726	2.5791851
855000	855	25501	769.05098	-82933.928	2534.8949	-80399.033	2.600518
860000	860	25501	762.76233	-82963.901	2514.1666	-80449.734	2.6057671
865000	865	25501	767.46976	-82891.106	2529.683	-80361.423	2.5880323
870000	870	25501	770.87514	-82859.301	2540.9075	-80318.394	2.5778542
875000	875	25501	771.8937	-82917.284	2544.2648	-80373.019	2.5970112
880000	880	25501	765.00967	-82933.761	2521.5742	-80412.187	2.6045044
885000	885	25501	761.38204	-82902.593	2509.617	-80392.976	2.5905972
890000	890	25501	769.83825	-82842.159	2537.4898	-80304.669	2.5752948
895000	895	25501	770.91056	-82929.973	2541.0243	-80388.948	2.5923808
900000	900	25501	765.28333	-82950.744	2522.4762	-80428.268	2.6048482
905000	905	25501	769.83496	-82927.407	2537.479	-80389.928	2.5953457
910000	910	25501	765.56043	-82845.672	2523.3895	-80322.283	2.5768055
915000	915	25501	768.15867	-82889.226	2531.9537	-80357.272	2.5843351
920000	920	25501	782.25686	-82919.743	2578.4232	-80341.32	2.6046589
925000	925	25501	772.65122	-82932.217	2546.7617	-80385.455	2.5977429
930000	930	25501	769.8707	-82859.321	2537.5967	-80321.725	2.5773867
935000	935	25501	768.49038	-82883.324	2533.047	-80350.277	2.5860247
940000	940	25501	769.02765	-82960.419	2534.818	-80425.601	2.6037665
945000	945	25501	769.35207	-82945.903	2535.8873	-80410.016	2.6000262
950000	950	25501	774.02558	-82870.823	2551.2918	-80319.531	2.5833754
955000	955	25501	770.08567	-82873.878	2538.3053	-80335.573	2.5792597
960000	960	25501	769.87044	-82933.284	2537.5959	-80395.688	2.6015089
965000	965	25501	770.07456	-82952.62	2538.2687	-80414.351	2.6036582
970000	970	25501	771.10913	-82877.585	2541.6788	-80335.906	2.5864696
975000	975	25501	769.67103	-82854.285	2536.9386	-80317.346	2.5769393
980000	980	25501	768.52013	-82916.473	2533.1451	-80383.328	2.5964254
985000	985	25501	771.728	-82940.035	2543.7187	-80396.316	2.6061668
990000	990	25501	759.51326	-82902.017	2503.4573	-80398.56	2.5881867
995000	995	25501	771.7283	-82867.984	2543.7197	-80324.264	2.5785814
1000000	1000	25501	764.81346	-82922.166	2520.9274	-80401.238	2.5934275
1005000	1005	25501	768.62165	-82934.353	2533.4797	-80400.873	2.606791
1010000	1010	25501	764.71864	-82902.322	2520.6149	-80381.707	2.5926255
1015000	1015	25501	765.84775	-82833.402	2524.3366	-80309.066	2.5727619
1020000	1020	25501	770.50135	-82875.862	2539.6755	-80336.186	2.5922762
1025000	1025	25501	763.58753	-82920.318	2516.8866	-80403.431	2.6075232
1030000	1030	25501	771.88768	-82906.224	2544.245	-80361.979	2.5933582
1035000	1035	25501	761.7845	-82842.465	2510.9436	-80331.522	2.5766311
1040000	1040	25501	773.06624	-82888.823	2548.1297	-80340.694	2.5883381
1045000	1045	25501	773.22557	-82936.635	2548.6548	-80387.98	2.6052116
1050000	1050	25501	772.54359	-82918.565	2546.407	-80372.158	2.596273
1055000	1055	25501	769.60511	-82861.613	2536.7214	-80324.891	2.5825753
1060000	1060	25501	772.60995	-82898.868	2546.6257	-80352.242	2.58662
1065000	1065	25501	768.01539	-82939.379	2531.4814	-80407.897	2.6028876
1070000	1070	25501	773.17031	-82927.092	2548.4727	-80378.619	2.5986357
1075000	1075	25501	762.13922	-82856.292	2512.1128	-80344.179	2.5827187
1080000	1080	25501	771.9606	-82884.751	2544.4854	-80340.265	2.5847127
1085000	1085	25501	764.12168	-82930.216	2518.6472	-80411.569	2.599563
1090000	1090	25501	770.74499	-82915.37	2540.4785	-80374.892	2.6020293
1095000	1095	25501	772.16634	-82877.937	2545.1635	-80332.773	2.5822694
1100000	1100	25501	766.97958	-82868.944	2528.0672	-80340.877	2.5813969
1105000	1105	25501	771.8419	-82941.315	2544.0941	-80397.221	2.5970427
1110000	1110	25501	763.10344	-82935.153	2515.291	-80419.862	2.6031161
1115000	1115	25501	770.30983	-82917.81	2539.0442	-80378.766	2.5881413
1120000	1120	25501	768.09558	-82884.799	2531.7457	-80353.054	2.5788422
1125000	1125	25501	773.37447	-82905.728	2549.1456	-80356.582	2.5932529
1130000	1130	25501	767.28568	-82936.798	2529.0762	-80407.722	2.6025159
1135000	1135	25501	763.58968	-82927.56	2516.8937	-80410.666	2.5946811
1140000	1140	25501	775.17158	-82869.827	2555.0692	-80314.757	2.5800337
1145000	1145	25501	766.3251	-82909.311	2525.91	-80383.401	2.5898863
1150000	1150	25501	769.30137	-82951.914	2535.7202	-80416.193	2.6024534
1155000	1155	25501	769.81937	-82953.296	2537.4276	-80415.868	2.5952239
1160000	1160	25501	772.84581	-82864.321	2547.4031	-80316.918	2.5789037
1165000	1165	25501	765.11491	-82887.863	2521.921	-80365.942	2.588933
1170000	1170	25501	770.509	-82940.188	2539.7007	-80400.487	2.6011924
1175000	1175	25501	763.25792	-82921.635	2515.8001	-80405.835	2.5971335
1180000	1180	25501	766.87404	-82876.712	2527.7194	-80348.992	2.5823509
1185000	1185	25501	764.07442	-82882.667	2518.4914	-80364.176	2.584926
1190000	1190	25501	773.68215	-82959.319	2550.1598	-80409.159	2.6013085
1195000	1195	25501	763.6222	-82965.483	2517.0009	-80448.482	2.5983206
1200000	1200	25501	770.88667	-82885.987	2540.9455	-80345.041	2.584524
1205000	1205	25501	774.68124	-82875.4	2553.4529	-80321.947	2.5814866
1210000	1210	25501	766.18466	-82927.022	2525.4471	-80401.575	2.5974972
1215000	1215	25501	769.01088	-82945.42	2534.7627	-80410.657	2.5999844
1220000	1220	25501	771.23671	-82897.383	2542.0993	-80355.283	2.5879589
1225000	1225	25501	774.05721	-82890.562	2551.396	-80339.166	2.5808648
1230000	1230	25501	772.79421	-82924.284	2547.233	-80377.051	2.5936409
1235000	1235	25501	770.02801	-82951.935	2538.1153	-80413.819	2.6010183
1240000	1240	25501	766.04466	-82909.466	2524.9856	-80384.48	2.5886709
1245000	1245	25501	770.97936	-82857.976	2541.2511	-80316.725	2.582924
1250000	1250	25501	766.75911	-82915.381	2527.3405	-80388.041	2.5912915
1255000	1255	25501	775.85954	-82933.709	2557.3368	-80376.372	2.6006824
1260000	1260	25501	771.79722	-82918.079	2543.9468	-80374.132	2.5919384
1265000	1265	25501	760.14267	-82873.854	2505.5319	-80368.322	2.5847942
1270000	1270	25501	769.50125	-82897.411	2536.379	-80361.032	2.5903696
1275000	1275	25501	771.49808	-82943.977	2542.9608	-80401.016	2.5970764
1280000	1280	25501	764.82062	-82905.935	2520.951	-80384.984	2.5948147
1285000	1285	25501	765.14062	-82886.124	2522.0058	-80364.118	2.5831462
1290000	1290	25501	776.17432	-82904.864	2558.3743	-80346.49	2.5876295
1295000	1295	25501	774.41717	-82919.701	2552.5825	-80367.119	2.6002467
1300000	1300	25501	775.01093	-82935.297	2554.5396	-80380.758	2.5992213
1305000	1305	25501	766.61275	-82901.997	2526.8581	-80375.139	2.5881552
1310000	1310	25501	763.42455	-82886.15	2516.3494	-80369.801	2.5869054
1315000	1315	25501	768.17316	-82935.801	2532.0014	-80403.8	2.5990732
1320000	1320	25501	772.63151	-82914.463	2546.6968	-80367.766	2.5976091
1325000	1325	25501	767.08305	-82905.392	2528.4083	-80376.984	2.5891813
1330000	1330	25501	765.13087	-82892.475	2521.9736	-80370.501	2.5850383
1335000	1335	25501	768.60665	-82925.272	2533.4303	-80391.842	2.597778
1340000	1340	25501	768.93867	-82930.557	2534.5247	-80396.033	2.6021876
1345000	1345	25501	771.9698	-82880.037	2544.5157	-80335.522	2.5882055
1350000	1350	25501	773.01007	-82901.025	2547.9445	-80353.08	2.5849857
1355000	1355	25501	768.0993	-82931.005	2531.758	-80399.247	2.5949106
1360000	1360	25501	769.60145	-82947.315	2536.7093	-80410.605	2.6005068
1365000	1365	25501	769.60774	-82908.792	2536.73	-80372.062	2.5886534
1370000	1370	25501	773.12466	-82871.906	2548.3222	-80323.584	2.5826964
1375000	1375	25501	769.62768	-82922.267	2536.7957	-80385.471	2.5950189
1380000	1380	25501	766.29495	-82953.225	2525.8106	-80427.414	2.5968116
1385000	1385	25501	766.92656	-82891.469	2527.8925	-80363.577	2.5875388
1390000	1390	25501	770.60261	-82894.417	2540.0092	-80354.408	2.5871678
1395000	1395	25501	768.36581	-82916.666	2532.6364	-80384.029	2.5879954
1400000	1400	25501	772.10156	-82911.838	2544.95	-80366.888	2.5962373
1405000	1405	25501	774.81431	-82912.654	2553.8916	-80358.762	2.5922398
1410000	1410	25501	764.06183	-82884.158	2518.4499	-80365.708	2.5856662
1415000	1415	25501	768.70601	-82909.686	2533.7578	-80375.929	2.5880856
1420000	1420	25501	772.30359	-82920.245	2545.6159	-80374.629	2.5988491
1425000	1425	25501	767.081	-82904.575	2528.4015	-80376.174	2.5970521
1430000	1430	25501	762.41436	-82884.848	2513.0196	-80371.829	2.5853934
1435000	1435	25501	771.45684	-82911.114	2542.8249	-80368.289	2.5880067
1440000	1440	25501	765.24284	-82924.788	2522.3427	-80402.445	2.593027
1445000	1445	25501	764.97072	-82917.426	2521.4458	-80395.98	2.5986474
1450000	1450	25501	767.25804	-82911.63	2528.9851	-80382.645	2.5872596
1455000	1455	25501	763.55193	-82904.079	2516.7693	-80387.309	2.5856442
1460000	1460	25501	771.73989	-82920.615	2543.7579	-80376.857	2.5935993
1465000	1465	25501	771.96996	-82920.382	2544.5162	-80375.865	2.5986495
1470000	1470	25501	768.98086	-82916.136	2534.6637	-80381.472	2.5919845
1475000	1475	25501	767.46062	-82878.961	2529.6528	-80349.308	2.5868017
1480000	1480	25501	772.3723	-82917.504	2545.8424	-80371.662	2.5915461
1485000	1485	25501	762.51252	-82917.718	2513.3432	-80404.375	2.5988664
1490000	1490	25501	772.28458	-82904.7	2545.5532	-80359.146	2.5922489
1495000	1495	25501	768.71947	-82894.936	2533.8022	-80361.134	2.5851843
1500000	1500	25501	770.6673	-82907.475	2540.2225	-80367.252	2.5922987
1505000	1505	25501	762.3341	-82934.533	2512.7551	-80421.778	2.595888
1510000	1510	25501	771.83197	-82902.607	2544.0614	-80358.546	2.5889865
1515000	1515	25501	769.46814	-82895.062	2536.2699	-80358.792	2.5882992
1520000	1520	25501	771.59867	-82901.809	2543.2924	-80358.516	2.5914637
1525000	1525	25501	767.36291	-82950.343	2529.3308	-80421.012	2.5992168
1530000	1530	25501	771.16189	-82920.591	2541.8527	-80378.738	2.5923792
1535000	1535	25501	769.63409	-82899.437	2536.8169	-80362.62	2.5878303
1540000	1540	25501	770.26346	-82897.144	2538.8913	-80358.253	2.5907002
1545000	1545	25501	772.88786	-82934.79	2547.5417	-80387.248	2.5987552
1550000	1550	25501	769.37869	-82917.645	2535.975	-80381.67	2.5977362
1555000	1555	25501	777.37383	-82890.549	2562.3281	-80328.221	2.586281
1560000	1560	25501	767.94047	-82885.475	2531.2345	-80354.24	2.5880048
1565000	1565	25501	765.3379	-82937.339	2522.6561	-80414.683	2.5945931
1570000	1570	25501	771.31348	-82925.953	2542.3523	-80383.601	2.5936142
1575000	1575	25501	769.43817	-82911.272	2536.1711	-80375.101	2.5880722
1580000	1580	25501	767.64394	-82907.351	2530.2571	-80377.094	2.5876565
1585000	1585	25501	768.91548	-82928.234	2534.4482	-80393.785	2.5920012
1590000	1590	25501	767.5743	-82931.614	2530.0275	-80401.587	2.5982166
1595000	1595	25501	762.1832	-82921.076	2512.2577	-80408.818	2.5945117
1600000	1600	25501	769.21687	-82924.168	2535.4416	-80388.727	2.5896352
1605000	1605	25501	772.02417	-82900.725	2544.6949	-80356.03	2.5934587
1610000	1610	25501	772.93121	-82925.751	2547.6846	-80378.066	2.5991693
1615000	1615	25501	762.83869	-82920.629	2514.4183	-80406.211	2.5937624
1620000	1620	25501	765.8386	-82903.091	2524.3064	-80378.785	2.5848321
1625000	1625	25501	771.05195	-82907.938	2541.4903	-80366.447	2.5903326
1630000	1630	25501	772.37308	-82935.712	2545.8449	-80389.867	2.5928657
1635000	1635	25501	767.99162	-82929.122	2531.403	-80397.719	2.5941485
1640000	1640	25501	772.29911	-82909.91	2545.6011	-80364.309	2.5899147
1645000	1645	25501	773.70842	-82912.822	2550.2464	-80362.575	2.5890022
1650000	1650	25501	771.32305	-82928.585	2542.3839	-80386.201	2.5948798
1655000	1655	25501	765.5614	-82928.09	2523.3927	-80404.698	2.588484
1660000	1660	25501	769.14181	-82914.913	2535.1942	-80379.719	2.5896707
1665000	1665	25501	768.74079	-82910.058	2533.8724	-80376.185	2.5881071
1670000	1670	25501	769.00495	-82907.181	2534.7431	-80372.438	2.5966422
1675000	1675	25501	772.43708	-82912.263	2546.0559	-80366.207	2.5947245
1680000	1680	25501	766.46104	-82937.393	2526.358	-80411.035	2.5913829
1685000	1685	25501	775.97944	-82912.277	2557.732	-80354.545	2.5884871
1690000	1690	25501	771.31806	-82920.547	2542.3674	-80378.179	2.5931271
1695000	1695	25501	766.2484	-82959.707	2525.6572	-80434.05	2.5979685
1700000	1700	25501	775.18289	-82914.501	2555.1065	-80359.394	2.5917391
1705000	1705	25501	772.0141	-82920.005	2544.6617	-80375.343	2.5888021
1710000	1710	25501	771.19693	-82928.272	2541.9682	-80386.304	2.5915865
1715000	1715	25501	768.24223	-82918.189	2532.2291	-80385.96	2.5988902
1720000	1720	25501	765.53243	-82924.789	2523.2972	-80401.492	2.5928971
1725000	1725	25501	765.46326	-82910.281	2523.0693	-80387.211	2.587782
1730000	1730	25501	760.64447	-82914.061	2507.1859	-80406.875	2.5904925
1735000	1735	25501	775.00506	-82945.055	2554.5203	-80390.534	2.5961812
1740000	1740	25501	769.04743	-82915.251	2534.8832	-80380.368	2.5926665
1745000	1745	25501	764.63571	-82910.206	2520.3415	-80389.864	2.5896874
1750000	1750	25501	771.48304	-82916.596	2542.9112	-80373.684	2.591925
1755000	1755	25501	765.71978	-82911.757	2523.9148	-80387.842	2.5949627
1760000	1760	25501	768.26742	-82924.668	2532.3121	-80392.356	2.592278
1765000	1765	25501	774.28563	-82895.722	2552.1489	-80343.573	2.5897567
1770000	1770	25501	768.76888	-82918.591	2533.965	-80384.626	2.5919621
1775000	1775	25501	771.56122	-82949.793	2543.1689	-80406.624	2.5958939
1780000	1780	25501	772.4306	-82921.471	2546.0345	-80375.436	2.5942625
1785000	1785	25501	769.59387	-82915.354	2536.6843	-80378.67	2.5920688
1790000	1790	25501	761.96327	-82891.981	2511.5328	-80380.448	2.5917282
1795000	1795	25501	766.70174	-82920.824	2527.1514	-80393.672	2.5964534
1800000	1800	25501	766.46892	-82931.072	2526.384	-80404.688	2.5960733
1805000	1805	25501	766.82196	-82927.099	2527.5477	-80399.551	2.5938511
1810000	1810	25501	769.48939	-82920.472	2536.3399	-80384.133	2.590606
1815000	1815	25501	768.84335	-82930.108	2534.2105	-80395.898	2.595828
1820000	1820	25501	774.04392	-82910.282	2551.3522	-80358.93	2.5978814
1825000	1825	25501	772.5523	-82924.591	2546.4357	-80378.155	2.5902649
1830000	1830	25501	765.67548	-82897.509	2523.7688	-80373.741	2.5901516
1835000	1835	25501	768.60268	-82913.201	2533.4172	-80379.784	2.5946822
1840000	1840	25501	771.18452	-82941.406	2541.9273	-80399.478	2.5953016
1845000	1845	25501	774.66332	-82913.307	2553.3939	-80359.913	2.5941661
1850000	1850	25501	768.04868	-82916.284	2531.5911	-80384.693	2.5933624
1855000	1855	25501	771.47471	-82913.996	2542.8838	-80371.112	2.5896489
1860000	1860	25501	770.09464	-82920.566	2538.3349	-80382.231	2.5944699
1865000	1865	25501	774.43457	-82917.499	2552.6399	-80364.86	2.5975048
1870000	1870	25501	771.6106	-82901.797	2543.3317	-80358.466	2.5896067
1875000	1875	25501	766.97043	-82922.549	2528.0371	-80394.511	2.5913218
1880000	1880	25501	759.48965	-82921.515	2503.3794	-80418.136	2.5957336
1885000	1885	25501	769.72413	-82938.187	2537.1136	-80401.073	2.5959276
1890000	1890	25501	769.95571	-82914.232	2537.877	-80376.355	2.590136
1895000	1895	25501	772.62979	-82931.076	2546.6911	-80384.385	2.5907979
1900000	1900	25501	771.56568	-82938.46	2543.1836	-80395.276	2.5964539
1905000	1905	25501	768.43023	-82920.679	2532.8488	-80387.83	2.5938126
1910000	1910	25501	769.50532	-82924.102	2536.3924	-80387.71	2.5877674
1915000	1915	25501	767.2588	-82885.065	2528.9876	-80356.078	2.5864798
1920000	1920	25501	768.86269	-82939.712	2534.2742	-80405.437	2.5945267
1925000	1925	25501	772.31974	-82931.477	2545.6691	-80385.808	2.5986293
1930000	1930	25501	770.4756	-82912.439	2539.5906	-80372.849	2.5908056
1935000	1935	25501	760.96095	-82934.271	2508.229	-80426.042	2.5897595
1940000	1940	25501	774.11358	-82963.681	2551.5819	-80412.099	2.5938824
1945000	1945	25501	768.23045	-82928.632	2532.1903	-80396.442	2.5952188
1950000	1950	25501	764.93704	-82914.35	2521.3347	-80393.015	2.5906877
1955000	1955	25501	770.23677	-82908.281	2538.8034	-80369.478	2.5840286
1960000	1960	25501	768.38963	-82915.68	2532.715	-80382.965	2.5904201
1965000	1965	25501	763.62039	-82941.344	2516.9949	-80424.349	2.5986644
1970000	1970	25501	766.1194	-82914.595	2525.232	-80389.363	2.5902565
1975000	1975	25501	774.04601	-82917.787	2551.3591	-80366.428	2.5841824
1980000	1980	25501	767.20796	-82912.1	2528.82	-80383.28	2.5912601
1985000	1985	25501	770.0603	-82961.738	2538.2217	-80423.516	2.5970626
1990000	1990	25501	770.0842	-82926.752	2538.3005	-80388.452	2.5921862
1995000	1995	25501	770.55013	-82920.578	2539.8362	-80380.741	2.5895639
2000000	2000	25501	773.94815	-82909.787	2551.0366	-80358.751	2.5906328
2005000	2005	25501	776.45558	-82935.805	2559.3014	-80376.503	2.5920986
2010000	2010	25501	764.02751	-82948.009	2518.3368	-80429.672	2.5937457
2015000	2015	25501	765.25231	-82899.034	2522.3739	-80376.66	2.587193
2020000	2020	25501	766.05829	-82928.115	2525.0305	-80403.085	2.5867771
2025000	2025	25501	771.43649	-82932.905	2542.7578	-80390.148	2.5924643
2030000	2030	25501	768.94024	-82931.083	2534.5299	-80396.553	2.5904147
2035000	2035	25501	766.57748	-82917.057	2526.7419	-80390.315	2.5887505
2040000	2040	25501	768.25728	-82927.787	2532.2787	-80395.508	2.5901724
2045000	2045	25501	768.32768	-82950	2532.5107	-80417.489	2.593477
2050000	2050	25501	768.41276	-82940.19	2532.7912	-80407.399	2.5950618
2055000	2055	25501	770.86974	-82910.714	2540.8897	-80369.824	2.5912774
2060000	2060	25501	768.61703	-82932.331	2533.4645	-80398.867	2.5870195
2065000	2065	25501	765.49618	-82942.638	2523.1778	-80419.46	2.5896565
2070000	2070	25501	767.90772	-82955.414	2531.1265	-80424.287	2.5934853
2075000	2075	25501	766.10267	-82931.603	2525.1768	-80406.426	2.5885866
2080000	2080	25501	771.5244	-82954.301	2543.0476	-80411.253	2.5842405
2085000	2085	25501	763.18646	-82934.793	2515.5646	-80419.228	2.5908513
2090000	2090	25501	767.44742	-82954.333	2529.6093	-80424.724	2.5985962
2095000	2095	25501	764.96621	-82930.927	2521.4309	-80409.496	2.5917992
2100000	2100	25501	770.45443	-82906.854	2539.5208	-80367.333	2.5871092
2105000	2105	25501	770.82817	-82942.533	2540.7527	-80401.78	2.5896615
2110000	2110	25501	769.62595	-82966.804	2536.79	-80430.014	2.5957993
2115000	2115	25501	772.75073	-82924.589	2547.0897	-80377.499	2.592288
2120000	2120	25501	766.98649	-82923.294	2528.09	-80395.204	2.5871658
2125000	2125	25501	763.66483	-82914.983	2517.1414	-80397.842	2.5852523
2130000	2130	25501	768.4186	-82940.246	2532.8104	-80407.435	2.5947675
2135000	2135	25501	773.37558	-82967.082	2549.1493	-80417.932	2.5919468
2140000	2140	25501	772.56925	-82923.501	2546.4915	-80377.01	2.587497
2145000	2145	25501	773.00128	-82921.931	2547.9156	-80374.016	2.5893396
2150000	2150	25501	768.00836	-82939.691	2531.4582	-80408.233	2.5940498
2155000	2155	25501	772.02461	-82935.478	2544.6963	-80390.782	2.5945774
2160000	2160	25501	767.8251	-82955.5	2530.8542	-80424.646	2.5909336
2165000	2165	25501	772.40566	-82924.349	2545.9523	-80378.396	2.5853873
2170000	2170	25501	770.3204	-82936.178	2539.079	-80397.099	2.5923691
2175000	2175	25501	768.17777	-82957.046	2532.0166	-80425.03	2.5922034
2180000	2180	25501	768.11963	-82904.181	2531.825	-80372.356	2.5910883
2185000	2185	25501	768.76207	-82933.504	2533.9426	-80399.561	2.5830483
2190000	2190	25501	767.44858	-82929.143	2529.6131	-80399.53	2.5906662
2195000	2195	25501	769.26321	-82940.861	2535.5944	-80405.266	2.5967877
2200000	2200	25501	771.87966	-82929.902	2544.2186	-80385.683	2.5888614
2205000	2205	25501	774.0651	-82919.6	2551.4221	-80368.178	2.5882396
2210000	2210	25501	767.16431	-82937.803	2528.6761	-80409.127	2.586649
2215000	2215	25501	769.3478	-82926.176	2535.8732	-80390.303	2.5937862
2220000	2220	25501	768.59022	-82943.83	2533.3761	-80410.453	2.5924547
2225000	2225	25501	773.82167	-82914.795	2550.6197	-80364.176	2.5875032
2230000	2230	25501	767.8241	-82931.648	2530.8509	-80400.797	2.5892684
2235000	2235	25501	765.41936	-82946.1	2522.9245	-80423.175	2.5939105
2240000	2240	25501	769.83061	-82925.83	2537.4646	-80388.366	2.5953224
2245000	2245	25501	771.85731	-82935.823	2544.1449	-80391.678	2.5888666
2250000	2250	25501	769.10896	-82931.583	2535.086	-80396.497	2.5884435
2255000	2255	25501	765.04656	-82925.567	2521.6958	-80403.871	2.5928973
2260000	2260	25501	765.22689	-82954.415	2522.2901	-80432.125	2.5902085
2265000	2265	25501	765.26442	-82915.923	2522.4138	-80393.509	2.5911433
2270000	2270	25501	770.21694	-82914.547	2538.738	-80375.809	2.5847095
2275000	2275	25501	764.47575	-82939.713	2519.8143	-80419.899	2.5914787
2280000	2280	25501	774.62971	-82947.268	2553.2831	-80393.985	2.593842
2285000	2285	25501	763.38699	-82940.979	2516.2256	-80424.753	2.5878669
2290000	2290	25501	764.03875	-82929.053	2518.3739	-80410.679	2.586476
2295000	2295	25501	767.08673	-82953.459	2528.4204	-80425.039	2.5912831
2300000	2300	25501	770.42004	-82945.799	2539.4074	-80406.391	2.5942916
2305000	2305	25501	765.23914	-82921.707	2522.3305	-80399.377	2.589482
2310000	2310	25501	766.81168	-82928.391	2527.5138	-80400.877	2.5859817
2315000	2315	25501	769.73162	-82968.573	2537.1383	-80431.434	2.5892965
2320000	2320	25501	769.72925	-82955.729	2537.1305	-80418.598	2.5933231
2325000	2325	25501	775.20917	-82934.724	2555.1931	-80379.531	2.5917529
2330000	2330	25501	769.94245	-82938.485	2537.8333	-80400.652	2.5856819
2335000	2335	25501	766.82475	-82931.026	2527.5569	-80403.469	2.5897199
2340000	2340	25501	763.1461	-82913.003	2515.4316	-80397.571	2.5929468
2345000	2345	25501	763.43275	-82945.587	2516.3764	-80429.21	2.5918696
2350000	2350	25501	763.29566	-82928.691	2515.9246	-80412.766	2.5899388
2355000	2355	25501	767.95329	-82932.389	2531.2767	-80401.112	2.5897393
2360000	2360	25501	765.21936	-82948.932	2522.2653	-80426.667	2.5929517
2365000	2365	25501	770.54905	-82934.257	2539.8327	-80394.424	2.5912649
2370000	2370	25501	760.4904	-82931.451	2506.678	-80424.773	2.5881218
2375000	2375	25501	766.48437	-82937.273	2526.435	-80410.838	2.5899206
2380000	2380	25501	768.62359	-82936.521	2533.4861	-80403.035	2.5928762
2385000	2385	25501	772.00479	-82941.549	2544.631	-80396.918	2.5943571
2390000	2390	25501	769.20973	-82938.669	2535.4181	-80403.251	2.5918915
2395000	2395	25501	770.71745	-82951.282	2540.3878	-80410.894	2.5882799
2400000	2400	25501	765.4425	-82938.54	2523.0008	-80415.539	2.5912508
2405000	2405	25501	775.44563	-82962.81	2555.9725	-80406.837	2.5925707
2410000	2410	25501	775.73003	-82946.632	2556.9099	-80389.722	2.5928296
2415000	2415	25501	769.26368	-82921.99	2535.5959	-80386.394	2.5878064
2420000	2420	25501	762.2928	-82928.386	2512.619	-80415.767	2.5880799
2425000	2425	25501	765.26704	-82944.748	2522.4225	-80422.325	2.5951297
2430000	2430	25501	765.0056	-82942.228	2521.5607	-80420.667	2.5899443
2435000	2435	25501	766.14579	-82940.314	2525.319	-80414.995	2.5898219
2440000	2440	25501	769.67177	-82928.297	2536.9411	-80391.356	2.5898063
2445000	2445	25501	767.44211	-82939.383	2529.5918	-80409.791	2.5940574
2450000	2450	25501	766.39412	-82928.815	2526.1375	-80402.678	2.5923232
2455000	2455	25501	769.7513	-82945.727	2537.2032	-80408.523	2.5913818
2460000	2460	25501	770.39681	-82930.195	2539.3309	-80390.864	2.587195
2465000	2465	25501	764.28704	-82936.409	2519.1923	-80417.217	2.5921134
2470000	2470	25501	774.1892	-82916.39	2551.8311	-80364.559	2.5931551
2475000	2475	25501	768.93917	-82943.447	2534.5263	-80408.921	2.5877679
2480000	2480	25501	771.38777	-82930.362	2542.5972	-80387.765	2.5910408
2485000	2485	25501	769.77937	-82951.451	2537.2957	-80414.155	2.5924374
2490000	2490	25501	767.99229	-82944.719	2531.4053	-80413.314	2.5931092
2495000	2495	25501	768.00008	-82920.192	2531.4309	-80388.761	2.5913773
2500000	2500	25501	764.32251	-82935.422	2519.3092	-80416.113	2.589242
2505000	2505	25501	768.72901	-82950.818	2533.8336	-80416.985	2.5928828
2510000	2510	25501	775.64747	-82938.771	2556.6378	-80382.133	2.5924096
2515000	2515	25501	768.26858	-82939.241	2532.316	-80406.925	2.5880664
2520000	2520	25501	761.59279	-82921.254	2510.3117	-80410.943	2.5885718
2525000	2525	25501	769.13478	-82944.892	2535.1711	-80409.721	2.5918735
2530000	2530	25501	766.12155	-82940.338	2525.2391	-80415.099	2.5915262
2535000	2535	25501	769.07097	-82914.719	2534.9607	-80379.758	2.5905806
2540000	2540	25501	762.06659	-82933.524	2511.8734	-80421.651	2.5877171
2545000	2545	25501	762.90386	-82954.355	2514.6331	-80439.722	2.5917145
2550000	2550	25501	759.00368	-82931.329	2501.7776	-80429.551	2.593497
2555000	2555	25501	771.36458	-82945.334	2542.5208	-80402.813	2.5870029
2560000	2560	25501	769.0404	-82941.754	2534.86	-80406.894	2.5913191
2565000	2565	25501	772.00595	-82938.225	2544.6348	-80393.59	2.5951666
2570000	2570	25501	769.90673	-82957.745	2537.7155	-80420.03	2.5907346
2575000	2575	25501	766.96546	-82938.716	2528.0207	-80410.696	2.5903929
2580000	2580	25501	769.18588	-82928.839	2535.3395	-80393.5	2.5868655
2585000	2585	25501	761.03456	-82951.237	2508.4716	-80442.765	2.5939811
2590000	2590	25501	774.96451	-82956.456	2554.3866	-80402.069	2.594697
2595000	2595	25501	770.02949	-82939.943	2538.1202	-80401.823	2.591368
2600000	2600	25501	771.78327	-82925.348	2543.9008	-80381.447	2.5891164
2605000	2605	25501	774.75386	-82926.197	2553.6923	-80372.504	2.5917077
2610000	2610	25501	763.7482	-82929.945	2517.4162	-80412.528	2.5937519
2615000	2615	25501	761.94639	-82920.032	2511.4772	-80408.555	2.5901802
2620000	2620	25501	767.25456	-82942.784	2528.9736	-80413.81	2.5888359
2625000	2625	25501	772.29447	-82942.809	2545.5858	-80397.223	2.5920657
2630000	2630	25501	769.94712	-82929.482	2537.8486	-80391.633	2.588587
2635000	2635	25501	771.97763	-82933.608	2544.5415	-80389.066	2.5898321
2640000	2640	25501	771.29312	-82946.768	2542.2852	-80404.483	2.5890583
2645000	2645	25501	771.0895	-82942.322	2541.6141	-80400.708	2.5893377
2650000	2650	25501	767.96244	-82936.943	2531.3069	-80405.636	2.5965018
2655000	2655	25501	768.31413	-82917.093	2532.4661	-80384.627	2.5901949
2660000	2660	25501	772.61074	-82923.338	2546.6283	-80376.71	2.5901579
2665000	2665	25501	768.53381	-82928.447	2533.1902	-80395.256	2.5904051
2670000	2670	25501	769.97255	-82958.481	2537.9325	-80420.549	2.589382
2675000	2675	25501	767.10007	-82951.694	2528.4644	-80423.23	2.5932747
2680000	2680	25501	770.1891	-82957.762	2538.6462	-80419.116	2.5910932
2685000	2685	25501	766.46661	-82937.806	2526.3764	-80411.429	2.5845352
2690000	2690	25501	766.17602	-82960.435	2525.4186	-80435.016	2.5911718
2695000	2695	25501	766.83792	-82941.538	2527.6003	-80413.938	2.5939184
2700000	2700	25501	762.74749	-82940.99	2514.1177	-80426.872	2.5931556
2705000	2705	25501	769.98079	-82948.169	2537.9596	-80410.209	2.5862472
2710000	2710	25501	771.34557	-82943.006	2542.4581	-80400.548	2.5857581
2715000	2715	25501	775.9167	-82964.068	2557.5252	-80406.543	2.5906917
2720000	2720	25501	761.51713	-82947.171	2510.0623	-80437.109	2.589069
2725000	2725	25501	765.75661	-82941.89	2524.0362	-80417.854	2.5872069
2730000	2730	25501	773.9601	-82941.334	2551.076	-80390.258	2.5852213
2735000	2735	25501	770.24684	-82955.903	2538.8366	-80417.066	2.5888216
2740000	2740	25501	768.44369	-82941.774	2532.8931	-80408.881	2.5862648
2745000	2745	25501	774.65212	-82928.767	2553.357	-80375.41	2.5898154
2750000	2750	25501	772.04521	-82944.504	2544.7642	-80399.74	2.5816789
2755000	2755	25501	777.03799	-82966.005	2561.2211	-80404.784	2.5839899
2760000	2760	25501	764.83383	-82961.724	2520.9946	-80440.729	2.5910072
2765000	2765	25501	772.43301	-82928.725	2546.0425	-80382.682	2.5896856
2770000	2770	25501	765.03411	-82926.823	2521.6547	-80405.168	2.5886596
2775000	2775	25501	766.35171	-82940.121	2525.9977	-80414.123	2.5890391
2780000	2780	25501	768.79132	-82949.95	2534.039	-80415.911	2.5924853
2785000	2785	25501	760.7613	-82923.314	2507.571	-80415.743	2.5883379
2790000	2790	25501	768.69999	-82927.239	2533.738	-80393.501	2.5846314
2795000	2795	25501	765.97368	-82932.185	2524.7517	-80407.434	2.590977
2800000	2800	25501	767.65132	-82963.382	2530.2814	-80433.101	2.592058
2805000	2805	25501	763.22925	-82937.828	2515.7056	-80422.122	2.5905687
2810000	2810	25501	769.08257	-82926.404	2534.999	-80391.405	2.5861602
2815000	2815	25501	760.99177	-82935.864	2508.3306	-80427.533	2.5917348
2820000	2820	25501	769.8114	-82922.009	2537.4013	-80384.608	2.5885774
2825000	2825	25501	771.38079	-82950.87	2542.5742	-80408.295	2.5909498
2830000	2830	25501	765.55295	-82911.644	2523.3649	-80388.279	2.5839411
2835000	2835	25501	773.44318	-82953.515	2549.3721	-80404.143	2.5911081
2840000	2840	25501	764.08823	-82928.18	2518.537	-80409.643	2.5932521
2845000	2845	25501	766.10777	-82955.331	2525.1936	-80430.137	2.5894338
2850000	2850	25501	764.11133	-82919.938	2518.6131	-80401.325	2.5905164
2855000	2855	25501	766.27562	-82942.155	2525.7469	-80416.408	2.5901291
2860000	2860	25501	770.26942	-82928.698	2538.911	-80389.787	2.5933049
2865000	2865	25501	762.29392	-82951.518	2512.6227	-80438.896	2.588452
2870000	2870	25501	766.06428	-82912.711	2525.0503	-80387.66	2.5896607
2875000	2875	25501	771.34711	-82922.836	2542.4632	-80380.373	2.5910728
2880000	2880	25501	766.06559	-82956.814	2525.0546	-80431.759	2.5904501
2885000	2885	25501	776.37124	-82918.877	2559.0234	-80359.853	2.590074
2890000	2890	25501	770.13623	-82979.396	2538.472	-80440.924	2.5908654
2895000	2895	25501	763.6524	-82943.1	2517.1004	-80425.999	2.5881589
2900000	2900	25501	774.30491	-82940.969	2552.2125	-80388.757	2.5905157
2905000	2905	25501	767.46878	-82939.227	2529.6797	-80409.548	2.5900937
2910000	2910	25501	769.05201	-82917.131	2534.8982	-80382.233	2.5891719
2915000	2915	25501	761.78288	-82937.289	2510.9382	-80426.351	2.5890879
2920000	2920	25501	771.53192	-82942.383	2543.0724	-80399.311	2.5887716
2925000	2925	25501	769.20765	-82937.375	2535.4113	-80401.964	2.5919136
2930000	2930	25501	775.19991	-82938.673	2555.1626	-80383.511	2.5847572
2935000	2935	25501	767.43616	-82943.863	2529.5722	-80414.291	2.5914318
2940000	2940	25501	767.95123	-82939.026	2531.2699	-80407.756	2.5904032
2945000	2945	25501	766.50166	-82952.775	2526.4919	-80426.283	2.5882488
2950000	2950	25501	772.37326	-82937.829	2545.8455	-80391.984	2.5862957
2955000	2955	25501	770.40827	-82957.342	2539.3687	-80417.974	2.5876956
2960000	2960	25501	768.86058	-82958.61	2534.2673	-80424.343	2.5918225
2965000	2965	25501	763.50794	-82951.897	2516.6242	-80435.273	2.586211
2970000	2970	25501	778.28953	-82930.008	2565.3464	-80364.662	2.5902718
2975000	2975	25501	768.92003	-82946.323	2534.4632	-80411.86	2.5860045
2980000	2980	25501	768.00911	-82947.69	2531.4607	-80416.23	2.5888507
2985000	2985	25501	765.19815	-82966.211	2522.1954	-80444.016	2.5903349
2990000	2990	25501	767.59798	-82943.053	2530.1056	-80412.948	2.5855018
2995000	2995	25501	768.90751	-82939.191	2534.422	-80404.769	2.5868265
3000000	3000	25501	774.2269	-82921.069	2551.9554	-80369.114	2.5861178
