Step	Time	Atoms	Temp	PotEng	KinEng	TotEng	Density
0	0	14363	1600	-48016.076	2970.2947	-45045.781	2.6576642
5000	5	14363	830.35997	-46533.151	1541.5087	-44991.643	2.5674188
10000	10	14363	826.83695	-46479.805	1534.9684	-44944.837	2.5469813
15000	15	14363	832.31795	-46624.3	1545.1435	-45079.157	2.6444396
20000	20	14363	834.92804	-46575.569	1549.989	-45025.58	2.5856677
25000	25	14363	837.44025	-46419.33	1554.6527	-44864.677	2.5421726
30000	30	14363	829.2614	-46624.819	1539.4692	-45085.35	2.6233384
35000	35	14363	824.44515	-46610.767	1530.5282	-45080.239	2.6015266
40000	40	14363	819.63201	-46409.912	1521.5929	-44888.319	2.5386994
45000	45	14363	823.1311	-46614.986	1528.0887	-45086.897	2.6056676
50000	50	14363	826.14345	-46632.523	1533.681	-45098.842	2.6147803
55000	55	14363	826.18534	-46414.448	1533.7587	-44880.689	2.5362998
60000	60	14363	831.32318	-46582.385	1543.2968	-45039.088	2.5874484
65000	65	14363	831.88477	-46622.226	1544.3393	-45077.887	2.6253002
70000	70	14363	832.30541	-46456.188	1545.1202	-44911.067	2.5453199
75000	75	14363	833.55997	-46545.513	1547.4492	-44998.064	2.5748522
80000	80	14363	825.19173	-46611.618	1531.9142	-45079.704	2.6311378
85000	85	14363	830.619	-46483.884	1541.9895	-44941.894	2.5553515
90000	90	14363	838.14515	-46523.488	1555.9613	-44967.527	2.5608407
95000	95	14363	828.63883	-46622.321	1538.3135	-45084.008	2.6289733
100000	100	14363	823.24953	-46545.777	1528.3086	-45017.469	2.5692335
105000	105	14363	829.40854	-46470.147	1539.7424	-44930.405	2.5460254
110000	110	14363	828.94125	-46637.609	1538.8749	-45098.734	2.6280957
115000	115	14363	837.95091	-46572.706	1555.6007	-45017.106	2.5843637
120000	120	14363	825.22775	-46445.667	1531.981	-44913.686	2.5439332
125000	125	14363	826.43754	-46617.21	1534.2269	-45082.983	2.6177088
130000	130	14363	825.99968	-46603.716	1533.4141	-45070.302	2.5952305
135000	135	14363	831.59348	-46443.461	1543.7986	-44899.663	2.544165
140000	140	14363	832.28439	-46620.604	1545.0812	-45075.523	2.6004936
145000	145	14363	834.12909	-46601.758	1548.5058	-45053.252	2.6090979
150000	150	14363	832.46043	-46434.99	1545.408	-44889.582	2.543832
155000	155	14363	834.47464	-46609.65	1549.1473	-45060.502	2.5886539
160000	160	14363	832.15097	-46616.696	1544.8335	-45071.863	2.6136746
165000	165	14363	826.39513	-46462.758	1534.1482	-44928.61	2.548956
170000	170	14363	825.86248	-46566.776	1533.1594	-45033.616	2.5808635
175000	175	14363	820.03912	-46594.234	1522.3487	-45071.886	2.615257
180000	180	14363	818.5394	-46504.586	1519.5645	-44985.021	2.5650237
185000	185	14363	826.87463	-46531.475	1535.0383	-44996.437	2.5687147
190000	190	14363	823.6671	-46620.756	1529.0838	-45091.672	2.6192187
195000	195	14363	830.92411	-46529.298	1542.5559	-44986.742	2.5650602
200000	200	14363	828.09666	-46508.127	1537.307	-44970.82	2.5589006
205000	205	14363	819.02248	-46617.341	1520.4614	-45096.88	2.6185085
210000	210	14363	833.84357	-46563.933	1547.9757	-45015.957	2.5712528
215000	215	14363	837.08228	-46487.242	1553.9882	-44933.254	2.5520636
220000	220	14363	832.38037	-46602.593	1545.2594	-45057.334	2.6115664
225000	225	14363	824.76594	-46572.987	1531.1237	-45041.864	2.585886
230000	230	14363	830.70289	-46474.615	1542.1453	-44932.469	2.5494071
235000	235	14363	823.1834	-46609.717	1528.1858	-45081.531	2.6048305
240000	240	14363	819.11466	-46589.554	1520.6325	-45068.921	2.590666
245000	245	14363	823.06769	-46475.755	1527.971	-44947.784	2.5460381
250000	250	14363	836.2191	-46588.396	1552.3857	-45036.01	2.5916606
255000	255	14363	829.35306	-46609.694	1539.6394	-45070.055	2.597265
260000	260	14363	832.37875	-46485.163	1545.2564	-44939.907	2.5548417
265000	265	14363	824.75213	-46579.246	1531.0981	-45048.148	2.588351
270000	270	14363	829.54135	-46622.047	1539.9889	-45082.058	2.6135318
275000	275	14363	837.13864	-46494.204	1554.0928	-44940.111	2.5598928
280000	280	14363	835.2105	-46566.092	1550.5133	-45015.578	2.5763275
285000	285	14363	823.97453	-46593.314	1529.6545	-45063.66	2.6105964
290000	290	14363	839.77491	-46531.497	1558.9869	-44972.51	2.5604118
295000	295	14363	833.77565	-46524.857	1547.8496	-44977.008	2.5728825
300000	300	14363	835.90424	-46606.688	1551.8012	-45054.887	2.6185309
305000	305	14363	821.88022	-46547.695	1525.7665	-45021.928	2.5684504
310000	310	14363	831.96019	-46531.532	1544.4793	-44987.053	2.5632751
315000	315	14363	828.91389	-46607.29	1538.8241	-45068.466	2.6094629
320000	320	14363	820.84977	-46551.729	1523.8536	-45027.875	2.5803102
325000	325	14363	823.96013	-46514.574	1529.6278	-44984.946	2.5580114
330000	330	14363	821.28852	-46600.139	1524.6681	-45075.471	2.6086413
335000	335	14363	828.86193	-46604.691	1538.7276	-45065.963	2.5934348
340000	340	14363	819.82641	-46484.649	1521.9538	-44962.695	2.5553813
345000	345	14363	845.17549	-46595.924	1569.0127	-45026.912	2.6045107
350000	350	14363	834.02135	-46597.732	1548.3058	-45049.427	2.6007212
355000	355	14363	829.01604	-46508.12	1539.0137	-44969.106	2.5607384
360000	360	14363	830.64896	-46590.902	1542.0451	-45048.857	2.5960708
365000	365	14363	822.38163	-46618.301	1526.6974	-45091.603	2.603037
370000	370	14363	829.0859	-46530.625	1539.1434	-44991.481	2.5653419
375000	375	14363	827.18727	-46583.709	1535.6187	-45048.09	2.5813732
380000	380	14363	837.84356	-46607.173	1555.4014	-45051.772	2.6041328
385000	385	14363	823.05551	-46531.716	1527.9484	-45003.767	2.5644298
390000	390	14363	834.72731	-46571.071	1549.6163	-45021.454	2.5766938
395000	395	14363	829.76396	-46612.376	1540.4022	-45071.973	2.6072708
400000	400	14363	823.58336	-46522.824	1528.9283	-44993.896	2.5721695
405000	405	14363	828.39846	-46554.631	1537.8672	-45016.764	2.5702676
410000	410	14363	829.52459	-46621.127	1539.9578	-45081.169	2.6074137
415000	415	14363	832.82332	-46554.433	1546.0817	-45008.351	2.5717001
420000	420	14363	831.77085	-46541.578	1544.1279	-44997.45	2.5693702
425000	425	14363	830.27981	-46594.391	1541.3598	-45053.031	2.6076182
430000	430	14363	836.88693	-46580.37	1553.6255	-45026.744	2.5797538
435000	435	14363	831.27273	-46519.847	1543.2031	-44976.644	2.5629727
440000	440	14363	824.19104	-46607.748	1530.0564	-45077.691	2.6046336
445000	445	14363	840.19474	-46579.174	1559.7663	-45019.407	2.5822399
450000	450	14363	838.05905	-46513.533	1555.8015	-44957.731	2.5624182
455000	455	14363	827.74614	-46606.045	1536.6562	-45069.388	2.5989955
460000	460	14363	829.74436	-46588.469	1540.3658	-45048.103	2.5916923
465000	465	14363	826.25294	-46510.726	1533.8842	-44976.842	2.5643056
470000	470	14363	835.56037	-46580.66	1551.1628	-45029.497	2.5921238
475000	475	14363	835.38861	-46596.494	1550.844	-45045.65	2.6017274
480000	480	14363	830.72903	-46511.997	1542.1938	-44969.803	2.5694391
485000	485	14363	844.41031	-46594.911	1567.5922	-45027.319	2.5889801
490000	490	14363	835.45628	-46613.811	1550.9696	-45062.841	2.6071495
495000	495	14363	831.68576	-46528.844	1543.9699	-44984.874	2.5702234
500000	500	14363	815.62948	-46562.987	1514.1625	-45048.825	2.5883741
505000	505	14363	836.21981	-46593.184	1552.3871	-45040.797	2.6068992
510000	510	14363	834.01919	-46541.112	1548.3018	-44992.811	2.5743121
515000	515	14363	840.73178	-46570.927	1560.7632	-45010.164	2.5804958
520000	520	14363	827.18616	-46589.745	1535.6167	-45054.128	2.6090389
525000	525	14363	839.30418	-46566.957	1558.113	-45008.844	2.5794641
530000	530	14363	837.3796	-46548.989	1554.5401	-44994.449	2.5773206
535000	535	14363	830.27558	-46607.196	1541.352	-45065.844	2.6043559
540000	540	14363	832.22795	-46563.658	1544.9764	-45018.682	2.5840819
545000	545	14363	830.20781	-46574.26	1541.2262	-45033.034	2.5760662
550000	550	14363	830.78148	-46608.204	1542.2911	-45065.912	2.6028434
555000	555	14363	828.98348	-46567.7	1538.9533	-45028.747	2.5871435
560000	560	14363	824.50486	-46526.584	1530.639	-44995.944	2.5729838
565000	565	14363	822.01634	-46603.959	1526.0193	-45077.94	2.6008537
570000	570	14363	828.04597	-46593.144	1537.2129	-45055.931	2.5944817
575000	575	14363	832.3629	-46534.849	1545.227	-44989.623	2.573036
580000	580	14363	843.73104	-46596.125	1566.3312	-45029.794	2.5952338
585000	585	14363	830.94555	-46582.441	1542.5957	-45039.845	2.5929939
590000	590	14363	829.4392	-46553.825	1539.7993	-45014.025	2.5727373
595000	595	14363	839.81783	-46587.253	1559.0665	-45028.187	2.5922268
600000	600	14363	830.67065	-46594.341	1542.0854	-45052.256	2.596156
605000	605	14363	831.27974	-46549.585	1543.2161	-45006.369	2.5705974
610000	610	14363	827.39007	-46589.545	1535.9952	-45053.549	2.5867687
615000	615	14363	827.73453	-46609.984	1536.6347	-45073.35	2.5997472
620000	620	14363	830.75241	-46552.881	1542.2372	-45010.644	2.5763084
625000	625	14363	832.79959	-46578.345	1546.0376	-45032.308	2.581614
630000	630	14363	827.94083	-46585.343	1537.0177	-45048.325	2.6012018
635000	635	14363	829.06949	-46550.302	1539.113	-45011.189	2.5806994
640000	640	14363	828.90542	-46574.175	1538.8084	-45035.367	2.5788269
645000	645	14363	834.38314	-46605.653	1548.9774	-45056.675	2.6062175
650000	650	14363	822.20258	-46567.12	1526.365	-45040.755	2.5814259
655000	655	14363	822.6726	-46573.623	1527.2376	-45046.386	2.5709114
660000	660	14363	833.99239	-46604.058	1548.252	-45055.806	2.5970355
665000	665	14363	823.8734	-46589.361	1529.4668	-45059.894	2.5791745
670000	670	14363	829.02459	-46553.073	1539.0296	-45014.043	2.5771351
675000	675	14363	835.72796	-46587.877	1551.474	-45036.403	2.5983205
680000	680	14363	836.61026	-46584.1	1553.1119	-45030.988	2.5826339
685000	685	14363	822.40695	-46544.325	1526.7444	-45017.581	2.5782028
690000	690	14363	826.71494	-46591.344	1534.7419	-45056.603	2.5928836
695000	695	14363	832.68666	-46562.887	1545.828	-45017.059	2.589401
700000	700	14363	826.80148	-46561.668	1534.9026	-45026.766	2.5756087
705000	705	14363	826.83985	-46584.841	1534.9738	-45049.867	2.5916052
710000	710	14363	820.37061	-46598.363	1522.9641	-45075.399	2.5916499
715000	715	14363	841.21861	-46542.553	1561.667	-44980.886	2.5739459
720000	720	14363	823.43692	-46585.502	1528.6565	-45056.846	2.5891718
725000	725	14363	829.21446	-46594.065	1539.3821	-45054.682	2.5941686
730000	730	14363	836.58964	-46547.584	1553.0736	-44994.51	2.5749768
735000	735	14363	832.60119	-46575.168	1545.6693	-45029.499	2.5877999
740000	740	14363	834.07603	-46587.57	1548.4073	-45039.163	2.5972097
745000	745	14363	837.41163	-46566.892	1554.5996	-45012.292	2.5810988
750000	750	14363	832.75457	-46584.429	1545.9541	-45038.475	2.5759199
755000	755	14363	827.53378	-46600.183	1536.262	-45063.921	2.5976536
760000	760	14363	830.11921	-46560.923	1541.0617	-45019.861	2.5796967
765000	765	14363	829.89067	-46575.062	1540.6374	-45034.425	2.5837395
770000	770	14363	825.93814	-46600.333	1533.2998	-45067.033	2.5989014
775000	775	14363	826.17015	-46558.514	1533.7305	-45024.783	2.5828696
780000	780	14363	838.73401	-46574.487	1557.0545	-45017.432	2.5796971
785000	785	14363	836.5998	-46599.76	1553.0925	-45046.667	2.5974372
790000	790	14363	827.44616	-46589.702	1536.0994	-45053.603	2.5808346
795000	795	14363	832.95375	-46568.976	1546.3238	-45022.652	2.5770087
800000	800	14363	834.88488	-46622.768	1549.9088	-45072.859	2.5941942
805000	805	14363	843.42045	-46581.076	1565.7546	-45015.322	2.5860948
810000	810	14363	832.07588	-46555.874	1544.6941	-45011.18	2.5765327
815000	815	14363	835.34197	-46583.816	1550.7574	-45033.059	2.593197
820000	820	14363	820.35494	-46592.199	1522.935	-45069.264	2.590551
825000	825	14363	829.91741	-46581.245	1540.6871	-45040.558	2.5739438
830000	830	14363	842.12781	-46580.999	1563.3549	-45017.644	2.592798
835000	835	14363	833.02229	-46597.054	1546.4511	-45050.603	2.5924507
840000	840	14363	824.67963	-46567.724	1530.9635	-45036.76	2.5760032
845000	845	14363	833.67022	-46596.454	1547.6539	-45048.8	2.5848083
850000	850	14363	832.43649	-46584.958	1545.3636	-45039.595	2.5921628
855000	855	14363	839.78903	-46559.607	1559.0131	-45000.594	2.5779054
860000	860	14363	822.52359	-46592.146	1526.9609	-45065.185	2.5821819
865000	865	14363	833.88051	-46588.794	1548.0443	-45040.75	2.5971451
870000	870	14363	828.96165	-46576.764	1538.9128	-45037.851	2.5801731
875000	875	14363	835.20591	-46592.251	1550.5048	-45041.746	2.5820888
880000	880	14363	821.32996	-46599.24	1524.745	-45074.495	2.5859453
885000	885	14363	828.20338	-46557.615	1537.5051	-45020.11	2.5812951
890000	890	14363	834.00571	-46583.27	1548.2767	-45034.994	2.5869797
895000	895	14363	828.12514	-46581.184	1537.3598	-45043.824	2.5885445
900000	900	14363	831.15777	-46559.806	1542.9897	-45016.816	2.5825864
905000	905	14363	831.68792	-46582.292	1543.9739	-45038.319	2.5781276
910000	910	14363	831.19136	-46600.296	1543.0521	-45057.244	2.5936069
915000	915	14363	824.99419	-46566.496	1531.5474	-45034.948	2.5768864
920000	920	14363	836.01934	-46578.92	1552.0149	-45026.905	2.5798662
925000	925	14363	825.58971	-46581.418	1532.653	-45048.765	2.5886969
930000	930	14363	833.9458	-46594.537	1548.1655	-45046.372	2.581169
935000	935	14363	827.83421	-46567.165	1536.8197	-45030.345	2.5803436
940000	940	14363	835.17606	-46593.037	1550.4494	-45042.588	2.5919235
945000	945	14363	834.02363	-46585.011	1548.31	-45036.701	2.5842156
950000	950	14363	830.21716	-46575.93	1541.2435	-45034.687	2.5810028
955000	955	14363	830.90114	-46601.085	1542.5133	-45058.572	2.589674
960000	960	14363	830.45863	-46586.441	1541.6918	-45044.749	2.5886248
965000	965	14363	832.93586	-46582.011	1546.2906	-45035.721	2.5818129
970000	970	14363	827.9066	-46591.41	1536.9541	-45054.456	2.5894308
975000	975	14363	828.22781	-46592.384	1537.5504	-45054.834	2.5855323
980000	980	14363	822.76542	-46586.695	1527.4099	-45059.285	2.5803768
985000	985	14363	826.78635	-46593.491	1534.8745	-45058.617	2.5906787
990000	990	14363	824.76423	-46597.736	1531.1205	-45066.616	2.5873331
995000	995	14363	835.84998	-46582.833	1551.7005	-45031.133	2.584698
1000000	1000	14363	834.55048	-46576.056	1549.2881	-45026.768	2.5866227
1005000	1005	14363	828.4807	-46612.533	1538.0199	-45074.514	2.5841397
1010000	1010	14363	828.42575	-46587.704	1537.9179	-45049.786	2.5810685
1015000	1015	14363	828.86527	-46594.9	1538.7338	-45056.166	2.5851145
1020000	1020	14363	822.20125	-46587.99	1526.3625	-45061.627	2.5907265
1025000	1025	14363	833.45342	-46574.488	1547.2514	-45027.237	2.5846474
1030000	1030	14363	832.56813	-46589.217	1545.608	-45043.609	2.5864628
1035000	1035	14363	831.43564	-46611.54	1543.5056	-45068.035	2.5932999
1040000	1040	14363	827.60662	-46583.188	1536.3972	-45046.791	2.5819298
1045000	1045	14363	834.19813	-46571.86	1548.6339	-45023.226	2.5834334
1050000	1050	14363	839.01402	-46584.249	1557.5743	-45026.674	2.5869482
1055000	1055	14363	830.92536	-46587.295	1542.5582	-45044.737	2.5824564
1060000	1060	14363	837.1557	-46577.851	1554.1245	-45023.727	2.5828792
1065000	1065	14363	827.22839	-46595.831	1535.6951	-45060.136	2.5918405
1070000	1070	14363	827.96279	-46597.36	1537.0584	-45060.302	2.5840379
1075000	1075	14363	823.70474	-46590.83	1529.1537	-45061.676	2.5789975
1080000	1080	14363	827.31355	-46592.895	1535.8532	-45057.042	2.5886851
1085000	1085	14363	836.20782	-46594.337	1552.3648	-45041.972	2.5864366
1090000	1090	14363	828.7009	-46579.637	1538.4287	-45041.208	2.5845106
1095000	1095	14363	826.3157	-46588.033	1534.0007	-45054.032	2.5851509
1100000	1100	14363	824.75741	-46593.062	1531.1079	-45061.954	2.5889694
1105000	1105	14363	823.60554	-46583.998	1528.9695	-45055.029	2.5790624
1110000	1110	14363	827.83988	-46595.796	1536.8303	-45058.965	2.5890674
1115000	1115	14363	828.04102	-46593.19	1537.2037	-45055.986	2.5895042
1120000	1120	14363	831.42929	-46581.082	1543.4938	-45037.589	2.5781242
1125000	1125	14363	832.53815	-46596.734	1545.5523	-45051.182	2.5847975
1130000	1130	14363	834.25427	-46597.408	1548.7382	-45048.67	2.5887977
1135000	1135	14363	828.13304	-46596.671	1537.3745	-45059.297	2.5825765
1140000	1140	14363	829.81108	-46582.237	1540.4897	-45041.747	2.5848195
1145000	1145	14363	830.76159	-46591.498	1542.2542	-45049.244	2.5861122
1150000	1150	14363	833.07056	-46577.989	1546.5407	-45031.448	2.5825992
1155000	1155	14363	832.26474	-46587.968	1545.0447	-45042.924	2.587793
1160000	1160	14363	830.58525	-46604.961	1541.9269	-45063.035	2.5858141
1165000	1165	14363	833.83865	-46573.572	1547.9666	-45025.605	2.5822147
1170000	1170	14363	836.9847	-46579.429	1553.807	-45025.622	2.5832721
1175000	1175	14363	831.13091	-46593.85	1542.9398	-45050.91	2.5878758
1180000	1180	14363	830.91458	-46591.39	1542.5382	-45048.851	2.5779229
1185000	1185	14363	828.75209	-46581.681	1538.5237	-45043.157	2.5850008
1190000	1190	14363	834.68796	-46594.302	1549.5433	-45044.759	2.5894606
1195000	1195	14363	823.7164	-46603.326	1529.1753	-45074.151	2.5833999
1200000	1200	14363	836.23623	-46596.122	1552.4175	-45043.704	2.5815231
1205000	1205	14363	826.37615	-46593.222	1534.1129	-45059.109	2.5886688
1210000	1210	14363	832.33358	-46598.302	1545.1725	-45053.129	2.5854932
1215000	1215	14363	830.51331	-46596.911	1541.7933	-45055.117	2.5887445
1220000	1220	14363	842.16021	-46606.005	1563.415	-45042.59	2.591626
1225000	1225	14363	838.17093	-46597.018	1556.0092	-45041.009	2.5884957
1230000	1230	14363	821.77478	-46602.031	1525.5708	-45076.46	2.5829109
1235000	1235	14363	832.1671	-46608.861	1544.8635	-45063.998	2.5880341
1240000	1240	14363	829.02122	-46597.812	1539.0234	-45058.789	2.5849103
1245000	1245	14363	824.86196	-46593.199	1531.302	-45061.897	2.5819661
1250000	1250	14363	824.60596	-46594.568	1530.8267	-45063.742	2.5849969
1255000	1255	14363	825.40893	-46599.185	1532.3174	-45066.867	2.5833587
1260000	1260	14363	825.91677	-46593.923	1533.2601	-45060.662	2.5818095
1265000	1265	14363	833.27958	-46580.152	1546.9287	-45033.223	2.5866307
1270000	1270	14363	838.49907	-46584.702	1556.6184	-45028.083	2.5807807
1275000	1275	14363	828.46411	-46586.561	1537.9891	-45048.572	2.5821966
1280000	1280	14363	828.87712	-46601.057	1538.7558	-45062.302	2.5818205
1285000	1285	14363	834.59372	-46594.397	1549.3683	-45045.028	2.5889368
1290000	1290	14363	823.73302	-46596.426	1529.2061	-45067.22	2.5795744
1295000	1295	14363	829.00079	-46596.718	1538.9854	-45057.733	2.5879366
1300000	1300	14363	828.04018	-46581.81	1537.2021	-45044.608	2.5867753
1305000	1305	14363	844.59192	-46588.454	1567.9293	-45020.525	2.5796067
1310000	1310	14363	837.61437	-46597.587	1554.976	-45042.611	2.5801828
1315000	1315	14363	825.86955	-46598.763	1533.1725	-45065.591	2.5885208
1320000	1320	14363	826.82441	-46590.283	1534.9451	-45055.338	2.581178
1325000	1325	14363	829.34885	-46585.288	1539.6316	-45045.656	2.5841309
1330000	1330	14363	830.71392	-46595.365	1542.1657	-45053.199	2.5866777
1335000	1335	14363	827.25	-46584.118	1535.7352	-45048.383	2.5848145
1340000	1340	14363	832.73995	-46589.059	1545.9269	-45043.132	2.5808252
1345000	1345	14363	835.01131	-46613.759	1550.1436	-45063.616	2.5847912
1350000	1350	14363	828.36415	-46580.068	1537.8035	-45042.265	2.5888051
1355000	1355	14363	840.87931	-46566.894	1561.0371	-45005.857	2.5821734
1360000	1360	14363	827.38433	-46597.677	1535.9846	-45061.693	2.5859293
1365000	1365	14363	840.94626	-46592.137	1561.1614	-45030.975	2.5857894
1370000	1370	14363	835.88016	-46596.53	1551.7565	-45044.774	2.5837064
1375000	1375	14363	834.58524	-46589.721	1549.3526	-45040.369	2.5857072
1380000	1380	14363	836.52133	-46597.162	1552.9468	-45044.215	2.5856441
1385000	1385	14363	843.81581	-46595.582	1566.4885	-45029.093	2.5809982
1390000	1390	14363	828.12724	-46598.643	1537.3637	-45061.279	2.5881085
1395000	1395	14363	834.19537	-46593.473	1548.6288	-45044.844	2.5930821
1400000	1400	14363	836.07608	-46574.024	1552.1202	-45021.903	2.5863591
1405000	1405	14363	830.05708	-46581.586	1540.9464	-45040.64	2.5839692
1410000	1410	14363	828.27423	-46610.774	1537.6366	-45073.137	2.5893894
1415000	1415	14363	822.70103	-46587.267	1527.2903	-45059.976	2.5844184
1420000	1420	14363	832.34403	-46577.362	1545.1919	-45032.17	2.5841952
1425000	1425	14363	831.44004	-46605.233	1543.5137	-45061.719	2.5842755
1430000	1430	14363	824.40011	-46588.621	1530.4446	-45058.177	2.580524
1435000	1435	14363	828.4609	-46600.453	1537.9832	-45062.469	2.580705
1440000	1440	14363	828.64041	-46604.641	1538.3164	-45066.325	2.5895742
1445000	1445	14363	820.45818	-46596.072	1523.1266	-45072.945	2.5880675
1450000	1450	14363	830.96161	-46594.864	1542.6256	-45052.238	2.5832315
1455000	1455	14363	833.56236	-46621.135	1547.4537	-45073.681	2.5906495
1460000	1460	14363	830.78319	-46624.42	1542.2943	-45082.125	2.5872034
1465000	1465	14363	838.62798	-46588.979	1556.8577	-45032.121	2.5862256
1470000	1470	14363	831.88808	-46593.742	1544.3455	-45049.396	2.5872065
1475000	1475	14363	826.80273	-46588.053	1534.9049	-45053.148	2.5846286
1480000	1480	14363	825.28015	-46599.042	1532.0783	-45066.964	2.5837737
1485000	1485	14363	830.36636	-46604.123	1541.5205	-45062.603	2.5860465
1490000	1490	14363	830.45226	-46601.622	1541.68	-45059.942	2.5873175
1495000	1495	14363	828.1423	-46632.054	1537.3917	-45094.662	2.5828214
1500000	1500	14363	832.92698	-46600.202	1546.2741	-45053.928	2.5866908
1505000	1505	14363	838.05023	-46575.991	1555.7851	-45020.206	2.5876471
1510000	1510	14363	835.53324	-46584.395	1551.1125	-45033.282	2.5792571
1515000	1515	14363	825.1549	-46590.848	1531.8458	-45059.002	2.5825442
1520000	1520	14363	830.71411	-46585.158	1542.1661	-45042.992	2.5848413
1525000	1525	14363	834.00579	-46601.014	1548.2769	-45052.737	2.5857265
1530000	1530	14363	834.03891	-46585.689	1548.3384	-45037.351	2.5809229
1535000	1535	14363	833.25299	-46608.947	1546.8793	-45062.067	2.5886088
1540000	1540	14363	830.21506	-46581.232	1541.2396	-45039.992	2.5781822
1545000	1545	14363	840.09979	-46586.919	1559.59	-45027.329	2.5823331
1550000	1550	14363	845.18666	-46620.722	1569.0334	-45051.689	2.59166
1555000	1555	14363	828.4786	-46599.209	1538.016	-45061.193	2.5851768
1560000	1560	14363	830.72411	-46595.496	1542.1846	-45053.312	2.5837295
1565000	1565	14363	829.33085	-46596.59	1539.5981	-45056.992	2.5885066
1570000	1570	14363	826.94649	-46599.311	1535.1717	-45064.14	2.5819953
1575000	1575	14363	829.05157	-46578.785	1539.0797	-45039.705	2.583221
1580000	1580	14363	833.73933	-46602.859	1547.7822	-45055.077	2.58664
1585000	1585	14363	829.52614	-46594.407	1539.9607	-45054.447	2.5842841
1590000	1590	14363	825.81067	-46583.425	1533.0632	-45050.361	2.5786227
1595000	1595	14363	839.25263	-46591.338	1558.0173	-45033.321	2.5898672
1600000	1600	14363	822.78704	-46581.507	1527.45	-45054.057	2.5842471
1605000	1605	14363	835.8792	-46574.365	1551.7547	-45022.61	2.5802537
1610000	1610	14363	827.73072	-46598.928	1536.6276	-45062.301	2.5836606
1615000	1615	14363	838.94275	-46591.765	1557.442	-45034.323	2.5817785
1620000	1620	14363	826.74055	-46576.329	1534.7894	-45041.54	2.5812614
1625000	1625	14363	837.24007	-46601.638	1554.2811	-45047.357	2.5871521
1630000	1630	14363	831.70456	-46590.545	1544.0048	-45046.54	2.5779314
1635000	1635	14363	833.885	-46577.016	1548.0526	-45028.963	2.5771214
1640000	1640	14363	828.81913	-46590.256	1538.6482	-45051.608	2.5869608
1645000	1645	14363	829.1428	-46598.459	1539.2491	-45059.21	2.586348
1650000	1650	14363	829.79604	-46582.97	1540.4618	-45042.508	2.5808361
1655000	1655	14363	826.01944	-46592.144	1533.4507	-45058.693	2.582661
1660000	1660	14363	826.96845	-46591.818	1535.2125	-45056.606	2.5873577
1665000	1665	14363	820.11812	-46585.204	1522.4953	-45062.709	2.5832654
1670000	1670	14363	827.35294	-46593.005	1535.9263	-45057.079	2.5847511
1675000	1675	14363	828.92015	-46602.951	1538.8357	-45064.115	2.5876865
1680000	1680	14363	827.89821	-46599.992	1536.9386	-45063.054	2.5825044
1685000	1685	14363	831.26877	-46587.237	1543.1958	-45044.041	2.5825549
1690000	1690	14363	831.21824	-46599.102	1543.102	-45056	2.5889669
1695000	1695	14363	833.43354	-46600.481	1547.2145	-45053.266	2.5870433
1700000	1700	14363	829.04643	-46582.679	1539.0701	-45043.608	2.5848381
1705000	1705	14363	833.13672	-46615.912	1546.6635	-45069.249	2.5843554
1710000	1710	14363	818.15212	-46600.977	1518.8456	-45082.132	2.5819002
1715000	1715	14363	833.06681	-46604.901	1546.5337	-45058.367	2.5847242
1720000	1720	14363	838.15895	-46581.103	1555.9869	-45025.116	2.5894527
1725000	1725	14363	830.60475	-46567.885	1541.9631	-45025.922	2.5787041
1730000	1730	14363	825.2573	-46610.411	1532.0359	-45078.375	2.5833031
1735000	1735	14363	824.9912	-46572.663	1531.5419	-45041.121	2.5847226
1740000	1740	14363	829.32133	-46586.219	1539.5805	-45046.638	2.5855901
1745000	1745	14363	831.04953	-46575.552	1542.7888	-45032.763	2.5815223
1750000	1750	14363	824.8909	-46590.069	1531.3557	-45058.713	2.5881393
1755000	1755	14363	837.21189	-46613.874	1554.2288	-45059.645	2.589188
1760000	1760	14363	828.477	-46585.829	1538.013	-45047.816	2.5821266
1765000	1765	14363	830.37032	-46617.295	1541.5279	-45075.767	2.5863969
1770000	1770	14363	827.69592	-46582.076	1536.563	-45045.513	2.5854839
1775000	1775	14363	829.28312	-46593.497	1539.5095	-45053.987	2.5846985
1780000	1780	14363	829.02244	-46599.851	1539.0256	-45060.826	2.583681
1785000	1785	14363	829.91474	-46599.7	1540.6821	-45059.018	2.5872608
1790000	1790	14363	822.03378	-46584.923	1526.0516	-45058.871	2.5841341
1795000	1795	14363	833.98471	-46592.554	1548.2377	-45044.316	2.5860015
1800000	1800	14363	830.77206	-46592.682	1542.2737	-45050.409	2.5806581
1805000	1805	14363	838.3505	-46574.097	1556.3425	-45017.755	2.5754843
1810000	1810	14363	830.18343	-46604.914	1541.1809	-45063.733	2.5799298
1815000	1815	14363	827.64338	-46610.735	1536.4655	-45074.27	2.5837678
1820000	1820	14363	829.79276	-46594.124	1540.4557	-45053.668	2.5786358
1825000	1825	14363	832.70968	-46598.901	1545.8707	-45053.03	2.5785992
1830000	1830	14363	835.10712	-46615.994	1550.3214	-45065.673	2.5862417
1835000	1835	14363	834.38538	-46593.324	1548.9816	-45044.343	2.5830816
1840000	1840	14363	817.4773	-46581.51	1517.5928	-45063.918	2.5790633
1845000	1845	14363	822.00354	-46605.908	1525.9955	-45079.912	2.5838095
1850000	1850	14363	825.44076	-46576.576	1532.3765	-45044.2	2.5822726
1855000	1855	14363	835.66098	-46588.546	1551.3496	-45037.196	2.5741831
1860000	1860	14363	829.92461	-46605.544	1540.7004	-45064.843	2.5790403
1865000	1865	14363	830.91042	-46581.89	1542.5305	-45039.359	2.5814813
1870000	1870	14363	828.99768	-46585.661	1538.9796	-45046.681	2.5733156
1875000	1875	14363	831.20745	-46585.066	1543.0819	-45041.984	2.582988
1880000	1880	14363	829.66259	-46596.474	1540.214	-45056.26	2.5784148
1885000	1885	14363	830.48751	-46579.07	1541.7454	-45037.324	2.5820672
1890000	1890	14363	829.06271	-46590.517	1539.1004	-45051.417	2.5855458
1895000	1895	14363	822.06252	-46594.396	1526.105	-45068.291	2.5826334
1900000	1900	14363	828.07791	-46589.433	1537.2721	-45052.161	2.571983
1905000	1905	14363	834.70943	-46587.797	1549.5831	-45038.213	2.5811449
1910000	1910	14363	836.30242	-46587.285	1552.5404	-45034.744	2.5841862
1915000	1915	14363	826.97255	-46592.139	1535.2201	-45056.919	2.5730485
1920000	1920	14363	840.0983	-46580.213	1559.5872	-45020.626	2.5794219
1925000	1925	14363	829.36426	-46630.543	1539.6602	-45090.883	2.581515
1930000	1930	14363	832.7422	-46586.55	1545.9311	-45040.619	2.5831373
1935000	1935	14363	831.42617	-46598.433	1543.488	-45054.945	2.5843268
1940000	1940	14363	826.37764	-46592.566	1534.1157	-45058.451	2.5842928
1945000	1945	14363	827.40539	-46600.951	1536.0237	-45064.927	2.581181
1950000	1950	14363	836.73233	-46620.529	1553.3385	-45067.191	2.585125
1955000	1955	14363	825.56001	-46602.327	1532.5978	-45069.729	2.5925269
1960000	1960	14363	825.09756	-46612.8	1531.7393	-45081.06	2.5871792
1965000	1965	14363	836.63129	-46599.7	1553.1509	-45046.55	2.5839568
1970000	1970	14363	827.26946	-46590.516	1535.7713	-45054.745	2.5879043
1975000	1975	14363	837.32998	-46591.226	1554.448	-45036.778	2.5849609
1980000	1980	14363	838.27848	-46599.698	1556.2088	-45043.489	2.5834867
1985000	1985	14363	831.55884	-46602.256	1543.7343	-45058.522	2.5853004
1990000	1990	14363	826.45492	-46593.79	1534.2592	-45059.531	2.5821352
1995000	1995	14363	821.84229	-46593.151	1525.6961	-45067.455	2.584295
2000000	2000	14363	835.29957	-46608.304	1550.6787	-45057.625	2.5887896
2005000	2005	14363	829.83491	-46584.308	1540.5339	-45043.774	2.5860042
2010000	2010	14363	826.83244	-46595.093	1534.96	-45060.133	2.5832937
2015000	2015	14363	838.54184	-46585.621	1556.6978	-45028.924	2.5862038
2020000	2020	14363	825.85748	-46575.326	1533.1501	-45042.176	2.5856833
2025000	2025	14363	842.85435	-46594.227	1564.7036	-45029.523	2.5829199
2030000	2030	14363	829.66622	-46594.796	1540.2207	-45054.575	2.5814923
2035000	2035	14363	829.25215	-46610.656	1539.452	-45071.204	2.5853951
2040000	2040	14363	829.20037	-46587.92	1539.3559	-45048.565	2.5838427
2045000	2045	14363	835.54048	-46598.043	1551.1259	-45046.917	2.5838209
2050000	2050	14363	822.61494	-46582.352	1527.1305	-45055.221	2.5845273
2055000	2055	14363	832.16731	-46588.694	1544.8639	-45043.83	2.5810342
2060000	2060	14363	831.99241	-46597.864	1544.5392	-45053.325	2.5795762
2065000	2065	14363	820.23056	-46591.327	1522.7041	-45068.623	2.5833299
2070000	2070	14363	821.16365	-46601.782	1524.4363	-45077.345	2.5805857
2075000	2075	14363	822.31285	-46593.75	1526.5697	-45067.181	2.5822039
2080000	2080	14363	832.8787	-46593.512	1546.1845	-45047.327	2.5898844
2085000	2085	14363	819.06389	-46574.937	1520.5382	-45054.399	2.5856254
2090000	2090	14363	833.89809	-46597.085	1548.0769	-45049.008	2.5818261
2095000	2095	14363	837.51094	-46590.917	1554.784	-45036.133	2.5855597
2100000	2100	14363	831.08122	-46602.977	1542.8476	-45060.13	2.5841065
2105000	2105	14363	827.28244	-46575.463	1535.7954	-45039.668	2.5816389
2110000	2110	14363	837.98807	-46578.127	1555.6697	-45022.458	2.5897404
2115000	2115	14363	833.02023	-46596.288	1546.4472	-45049.841	2.5842248
2120000	2120	14363	832.97075	-46589.073	1546.3554	-45042.718	2.5799837
2125000	2125	14363	830.40741	-46584.34	1541.5967	-45042.743	2.5847561
2130000	2130	14363	832.90896	-46607.429	1546.2407	-45061.188	2.5828114
2135000	2135	14363	835.72186	-46573.612	1551.4627	-45022.149	2.5828758
2140000	2140	14363	821.29286	-46592.256	1524.6762	-45067.58	2.5861988
2145000	2145	14363	833.84437	-46591.959	1547.9772	-45043.982	2.5784389
2150000	2150	14363	821.09445	-46593.946	1524.3078	-45069.638	2.5812477
2155000	2155	14363	839.29044	-46592.595	1558.0875	-45034.508	2.5821543
2160000	2160	14363	836.58877	-46611.304	1553.072	-45058.232	2.588978
2165000	2165	14363	822.4517	-46598.436	1526.8275	-45071.609	2.5820532
2170000	2170	14363	820.98011	-46576.321	1524.0956	-45052.225	2.588137
2175000	2175	14363	835.39752	-46600.653	1550.8605	-45049.792	2.585354
2180000	2180	14363	838.10685	-46600.97	1555.8902	-45045.08	2.5806325
2185000	2185	14363	837.99424	-46607.018	1555.6812	-45051.336	2.5844988
2190000	2190	14363	829.76264	-46592.369	1540.3997	-45051.969	2.5816588
2195000	2195	14363	834.3639	-46583.752	1548.9417	-45034.81	2.5784496
2200000	2200	14363	829.73433	-46591.528	1540.3472	-45051.181	2.5866755
2205000	2205	14363	837.16872	-46593.308	1554.1486	-45039.159	2.5860601
2210000	2210	14363	835.45179	-46583.627	1550.9613	-45032.666	2.5805933
2215000	2215	14363	830.99245	-46606.344	1542.6828	-45063.661	2.5813193
2220000	2220	14363	827.63038	-46602.276	1536.4413	-45065.835	2.5883598
2225000	2225	14363	833.45678	-46593.668	1547.2577	-45046.41	2.5793192
2230000	2230	14363	825.58361	-46597.994	1532.6416	-45065.352	2.5821824
2235000	2235	14363	830.57346	-46597.952	1541.905	-45056.047	2.5852197
2240000	2240	14363	827.8025	-46601.04	1536.7609	-45064.279	2.5799347
2245000	2245	14363	823.63702	-46584.856	1529.0279	-45055.829	2.5841802
2250000	2250	14363	829.19491	-46607.872	1539.3458	-45068.526	2.5837426
2255000	2255	14363	822.8537	-46564.878	1527.5738	-45037.305	2.5806859
2260000	2260	14363	824.86677	-46587.674	1531.3109	-45056.363	2.5833156
2265000	2265	14363	835.60167	-46594.895	1551.2395	-45043.656	2.5862526
2270000	2270	14363	841.68844	-46581.552	1562.5392	-45019.013	2.5871318
2275000	2275	14363	834.51696	-46583.228	1549.2258	-45034.003	2.5800153
2280000	2280	14363	838.58771	-46599.828	1556.7829	-45043.045	2.5878749
2285000	2285	14363	826.73573	-46590.15	1534.7805	-45055.37	2.5809974
2290000	2290	14363	830.14233	-46601.995	1541.1046	-45060.891	2.5794332
2295000	2295	14363	838.21733	-46583.635	1556.0953	-45027.54	2.5776867
2300000	2300	14363	831.1089	-46602.094	1542.899	-45059.195	2.585223
2305000	2305	14363	831.19173	-46576.068	1543.0528	-45033.015	2.5857771
2310000	2310	14363	834.14256	-46577.446	1548.5308	-45028.915	2.5820421
2315000	2315	14363	827.56741	-46591.709	1536.3244	-45055.385	2.583568
2320000	2320	14363	822.88177	-46590.573	1527.6259	-45062.947	2.5797691
2325000	2325	14363	828.58402	-46599.32	1538.2117	-45061.108	2.5862689
2330000	2330	14363	818.12913	-46592.2	1518.8029	-45073.397	2.5830949
2335000	2335	14363	816.88908	-46587.244	1516.5008	-45070.743	2.5780585
2340000	2340	14363	837.31292	-46605.204	1554.4164	-45050.787	2.588505
2345000	2345	14363	833.88126	-46604.039	1548.0457	-45055.993	2.5821595
2350000	2350	14363	839.37289	-46571.472	1558.2405	-45013.231	2.5776338
2355000	2355	14363	824.81381	-46587.079	1531.2126	-45055.866	2.5820656
2360000	2360	14363	822.19159	-46595.374	1526.3446	-45069.029	2.5855399
2365000	2365	14363	832.42294	-46606.844	1545.3384	-45061.506	2.5806967
2370000	2370	14363	822.6665	-46583.647	1527.2262	-45056.42	2.5793493
2375000	2375	14363	824.50386	-46602.479	1530.6372	-45071.842	2.588188
2380000	2380	14363	826.53009	-46596.003	1534.3987	-45061.605	2.5812714
2385000	2385	14363	834.79307	-46587.687	1549.7384	-45037.949	2.5828981
2390000	2390	14363	837.47952	-46592.219	1554.7256	-45037.493	2.5863503
2395000	2395	14363	833.80198	-46600.322	1547.8985	-45052.424	2.5854613
2400000	2400	14363	841.86344	-46609.072	1562.8641	-45046.208	2.5826222
2405000	2405	14363	826.84998	-46603.406	1534.9926	-45068.413	2.5874527
2410000	2410	14363	842.89916	-46580.484	1564.7868	-45015.697	2.5833679
2415000	2415	14363	834.35716	-46594.444	1548.9292	-45045.515	2.583685
2420000	2420	14363	836.92575	-46597.225	1553.6976	-45043.527	2.5830417
2425000	2425	14363	826.27363	-46601.557	1533.9226	-45067.634	2.5827369
2430000	2430	14363	838.74896	-46579.876	1557.0823	-45022.794	2.5849119
2435000	2435	14363	837.06427	-46596.856	1553.9547	-45042.901	2.5868244
2440000	2440	14363	834.95437	-46593.465	1550.0379	-45043.428	2.5852844
2445000	2445	14363	836.87277	-46580.643	1553.5992	-45027.044	2.5837925
2450000	2450	14363	828.55851	-46601.766	1538.1644	-45063.601	2.5849478
2455000	2455	14363	828.91367	-46589.162	1538.8237	-45050.339	2.5821133
2460000	2460	14363	829.68492	-46579.425	1540.2555	-45039.169	2.584461
2465000	2465	14363	843.76933	-46602.069	1566.4022	-45035.666	2.5873938
2470000	2470	14363	839.26894	-46594.378	1558.0476	-45036.331	2.5841519
2475000	2475	14363	837.59488	-46596.629	1554.9398	-45041.689	2.5832918
2480000	2480	14363	834.73894	-46612.884	1549.6379	-45063.246	2.585848
2485000	2485	14363	836.5523	-46600.108	1553.0043	-45047.104	2.5792253
2490000	2490	14363	831.21021	-46586.731	1543.0871	-45043.644	2.5799929
2495000	2495	14363	827.62882	-46604.539	1536.4384	-45068.101	2.5799997
2500000	2500	14363	832.84182	-46596.869	1546.116	-45050.753	2.5821478
2505000	2505	14363	830.24564	-46606.445	1541.2964	-45065.149	2.5799208
2510000	2510	14363	827.13824	-46609.918	1535.5277	-45074.39	2.5853516
2515000	2515	14363	820.28732	-46587.614	1522.8094	-45064.805	2.5865813
2520000	2520	14363	822.67469	-46585.655	1527.2414	-45058.414	2.5830848
2525000	2525	14363	827.63116	-46592.663	1536.4428	-45056.22	2.5839116
2530000	2530	14363	838.01402	-46597.122	1555.7179	-45041.404	2.5837013
2535000	2535	14363	843.27659	-46575.261	1565.4875	-45009.773	2.5798325
2540000	2540	14363	830.71227	-46586.139	1542.1627	-45043.976	2.5738999
2545000	2545	14363	825.31293	-46591.803	1532.1392	-45059.663	2.5779216
2550000	2550	14363	837.33994	-46578.679	1554.4665	-45024.213	2.5826876
2555000	2555	14363	832.43156	-46601.799	1545.3544	-45056.445	2.5817673
2560000	2560	14363	824.69371	-46597.226	1530.9896	-45066.236	2.5872653
2565000	2565	14363	844.2958	-46604.277	1567.3796	-45036.897	2.582525
2570000	2570	14363	826.25617	-46594.395	1533.8902	-45060.504	2.5833358
2575000	2575	14363	838.89281	-46591.896	1557.3493	-45034.547	2.5855783
2580000	2580	14363	841.97675	-46602.719	1563.0744	-45039.645	2.5856816
2585000	2585	14363	823.33336	-46585.241	1528.4642	-45056.776	2.5792332
2590000	2590	14363	833.93257	-46609.161	1548.1409	-45061.02	2.588161
2595000	2595	14363	824.51385	-46578.557	1530.6557	-45047.901	2.5844138
2600000	2600	14363	833.17139	-46571.908	1546.7279	-45025.18	2.5816875
2605000	2605	14363	826.23836	-46606.415	1533.8571	-45072.558	2.5835876
2610000	2610	14363	831.91955	-46612.674	1544.4039	-45068.271	2.5814071
2615000	2615	14363	823.38612	-46582.24	1528.5622	-45053.678	2.5843236
2620000	2620	14363	831.4699	-46587.989	1543.5692	-45044.419	2.5827397
2625000	2625	14363	836.01145	-46593.182	1552.0002	-45041.181	2.5839215
2630000	2630	14363	815.20017	-46575.71	1513.3655	-45062.344	2.5795668
2635000	2635	14363	824.05548	-46608.736	1529.8048	-45078.931	2.585261
2640000	2640	14363	829.43175	-46585.109	1539.7855	-45045.324	2.5770296
2645000	2645	14363	839.86734	-46593.116	1559.1585	-45033.958	2.5784748
2650000	2650	14363	832.39716	-46620.447	1545.2906	-45075.157	2.5835089
2655000	2655	14363	826.30585	-46596.439	1533.9824	-45062.457	2.5850338
2660000	2660	14363	824.83297	-46575.53	1531.2481	-45044.282	2.5803943
2665000	2665	14363	832.30159	-46599.314	1545.1131	-45054.201	2.5826213
2670000	2670	14363	816.15538	-46596.637	1515.1388	-45081.499	2.5812864
2675000	2675	14363	828.28832	-46571.55	1537.6628	-45033.887	2.5789179
2680000	2680	14363	825.68424	-46598.911	1532.8285	-45066.083	2.5852644
2685000	2685	14363	835.90202	-46591.845	1551.7971	-45040.047	2.586986
2690000	2690	14363	829.2829	-46585.079	1539.5091	-45045.57	2.5767368
2695000	2695	14363	829.19104	-46587.229	1539.3386	-45047.89	2.5849114
2700000	2700	14363	831.86171	-46600.614	1544.2965	-45056.318	2.5830768
2705000	2705	14363	840.40104	-46596.846	1560.1492	-45036.697	2.5776205
2710000	2710	14363	833.80936	-46609.052	1547.9122	-45061.14	2.58013
2715000	2715	14363	839.02143	-46595.928	1557.5881	-45038.34	2.5868491
2720000	2720	14363	832.15312	-46591.817	1544.8375	-45046.979	2.5815537
2725000	2725	14363	825.03744	-46588.246	1531.6277	-45056.618	2.5821481
2730000	2730	14363	837.514	-46596.161	1554.7896	-45041.371	2.5875961
2735000	2735	14363	832.0048	-46600.138	1544.5622	-45055.576	2.5826328
2740000	2740	14363	839.60035	-46583.817	1558.6628	-45025.154	2.5840089
2745000	2745	14363	830.28808	-46579.218	1541.3752	-45037.843	2.5868817
2750000	2750	14363	818.78975	-46579.257	1520.0293	-45059.228	2.58037
2755000	2755	14363	832.7507	-46592.266	1545.9469	-45046.32	2.5813302
2760000	2760	14363	837.94072	-46587.116	1555.5818	-45031.534	2.5827844
2765000	2765	14363	833.93389	-46583.641	1548.1434	-45035.498	2.5809796
2770000	2770	14363	835.93199	-46593.911	1551.8527	-45042.058	2.5807295
2775000	2775	14363	827.21586	-46602.867	1535.6718	-45067.195	2.5866598
2780000	2780	14363	838.42929	-46595.075	1556.4888	-45038.586	2.5815224
2785000	2785	14363	825.90193	-46590.737	1533.2326	-45057.505	2.582093
2790000	2790	14363	837.02839	-46597.151	1553.8881	-45043.262	2.5849312
2795000	2795	14363	834.67447	-46598.818	1549.5182	-45049.299	2.5845062
2800000	2800	14363	830.51205	-46592.538	1541.791	-45050.747	2.57678
2805000	2805	14363	829.53811	-46585.889	1539.9829	-45045.906	2.5822571
2810000	2810	14363	830.35976	-46595.147	1541.5083	-45053.639	2.5869451
2815000	2815	14363	829.0141	-46578.186	1539.0101	-45039.176	2.5778362
2820000	2820	14363	834.93505	-46602.041	1550.002	-45052.039	2.5811045
2825000	2825	14363	825.82647	-46586.041	1533.0925	-45052.949	2.5879386
2830000	2830	14363	826.57901	-46591.773	1534.4895	-45057.284	2.5773269
2835000	2835	14363	828.8216	-46594.767	1538.6528	-45056.114	2.5845995
2840000	2840	14363	822.95486	-46625.809	1527.7615	-45098.047	2.5857482
2845000	2845	14363	829.13906	-46588.499	1539.2421	-45049.257	2.5814509
2850000	2850	14363	829.7228	-46585.708	1540.3258	-45045.382	2.5828554
2855000	2855	14363	831.40215	-46586.591	1543.4434	-45043.147	2.5790622
2860000	2860	14363	819.63961	-46582.627	1521.607	-45061.02	2.5816864
2865000	2865	14363	831.18109	-46603.668	1543.033	-45060.635	2.5814215
2870000	2870	14363	821.20331	-46592.823	1524.5099	-45068.314	2.5832064
2875000	2875	14363	832.89279	-46573.258	1546.2107	-45027.047	2.5811299
2880000	2880	14363	830.64494	-46592.205	1542.0377	-45050.168	2.5797346
2885000	2885	14363	826.24978	-46606.736	1533.8784	-45072.857	2.5878484
2890000	2890	14363	829.78291	-46586.21	1540.4374	-45045.773	2.5791829
2895000	2895	14363	825.55079	-46572.007	1532.5807	-45039.427	2.5800762
2900000	2900	14363	833.69765	-46606.909	1547.7048	-45059.204	2.5852965
2905000	2905	14363	835.00209	-46584.584	1550.1264	-45034.458	2.5842242
2910000	2910	14363	835.06937	-46609.029	1550.2513	-45058.778	2.5807903
2915000	2915	14363	828.57892	-46593.798	1538.2023	-45055.596	2.5836824
2920000	2920	14363	831.56093	-46602.052	1543.7382	-45058.314	2.5841374
2925000	2925	14363	827.86049	-46589.412	1536.8685	-45052.544	2.5831041
2930000	2930	14363	825.97226	-46618.097	1533.3631	-45084.734	2.5887677
2935000	2935	14363	829.2854	-46606.107	1539.5138	-45066.594	2.5857238
2940000	2940	14363	839.08998	-46581.693	1557.7153	-45023.978	2.5788828
2945000	2945	14363	831.86836	-46591.873	1544.3089	-45047.564	2.5882506
2950000	2950	14363	831.15681	-46589.327	1542.9879	-45046.339	2.584063
2955000	2955	14363	831.74154	-46575.154	1544.0734	-45031.081	2.5826478
2960000	2960	14363	831.14529	-46587.13	1542.9665	-45044.164	2.5844942
2965000	2965	14363	830.11222	-46591.237	1541.0487	-45050.188	2.585049
2970000	2970	14363	828.67029	-46599.682	1538.3719	-45061.31	2.5836751
2975000	2975	14363	821.88974	-46605.759	1525.7842	-45079.975	2.5854928
2980000	2980	14363	827.58399	-46597.159	1536.3552	-45060.804	2.5895789
2985000	2985	14363	833.63467	-46606.82	1547.5879	-45059.232	2.5835921
2990000	2990	14363	826.99223	-46613.83	1535.2567	-45078.573	2.5836239
2995000	2995	14363	832.20589	-46606.937	1544.9355	-45062.002	2.5873988
3000000	3000	14363	831.53357	-46587.262	1543.6874	-45043.575	2.5827892
