Step	Time	Atoms	Temp	PotEng	KinEng	TotEng	Density
0	0	14364	1700	-48014.424	3156.1579	-44858.266	2.6548219
5000	5	14364	883.71686	-46430.696	1640.6764	-44790.02	2.5553418
10000	10	14364	883.87085	-46361.962	1640.9623	-44721	2.5350727
15000	15	14364	879.65457	-46508.158	1633.1345	-44875.024	2.6272715
20000	20	14364	884.10496	-46485.509	1641.397	-44844.112	2.5792105
25000	25	14364	877.88868	-46309.955	1629.856	-44680.099	2.5243214
30000	30	14364	877.81969	-46518.018	1629.728	-44888.29	2.604976
35000	35	14364	878.8124	-46531.101	1631.571	-44899.53	2.5978372
40000	40	14364	885.95518	-46296.804	1644.832	-44651.972	2.5255744
45000	45	14364	878.713	-46480.248	1631.3865	-44848.861	2.5830703
50000	50	14364	880.30195	-46501.772	1634.3364	-44867.436	2.614879
55000	55	14364	873.13078	-46313.706	1621.0227	-44692.684	2.526137
60000	60	14364	881.51452	-46440.98	1636.5877	-44804.392	2.561843
65000	65	14364	889.23721	-46529.711	1650.9253	-44878.785	2.6208375
70000	70	14364	877.37612	-46385.468	1628.9044	-44756.563	2.5360597
75000	75	14364	883.50623	-46370.736	1640.2854	-44730.451	2.5452123
80000	80	14364	879.81161	-46503.584	1633.4261	-44870.158	2.6221452
85000	85	14364	884.19099	-46445.303	1641.5567	-44803.746	2.5613868
90000	90	14364	876.5434	-46340.121	1627.3584	-44712.763	2.5323235
95000	95	14364	874.418	-46511.188	1623.4125	-44887.776	2.6093981
100000	100	14364	884.15666	-46489.407	1641.4929	-44847.914	2.5810143
105000	105	14364	884.44273	-46326.241	1642.0241	-44684.217	2.5279154
110000	110	14364	882.45145	-46502.055	1638.3271	-44863.728	2.6000937
115000	115	14364	885.98046	-46502.452	1644.879	-44857.573	2.5981666
120000	120	14364	877.65582	-46320.645	1629.4237	-44691.222	2.5335583
125000	125	14364	879.24524	-46474.251	1632.3746	-44841.876	2.5793373
130000	130	14364	878.651	-46520.834	1631.2713	-44889.563	2.6143985
135000	135	14364	878.51088	-46363.735	1631.0112	-44732.724	2.5422972
140000	140	14364	880.40491	-46453.678	1634.5276	-44819.151	2.5639466
145000	145	14364	879.66882	-46499.672	1633.161	-44866.511	2.6134009
150000	150	14364	880.64956	-46399.189	1634.9818	-44764.208	2.5507483
155000	155	14364	888.61265	-46404.294	1649.7658	-44754.528	2.5515348
160000	160	14364	881.21384	-46516.821	1636.0294	-44880.792	2.6105587
165000	165	14364	874.25627	-46444.132	1623.1122	-44821.02	2.5654547
170000	170	14364	874.49635	-46373.268	1623.558	-44749.71	2.5423953
175000	175	14364	881.647	-46522.695	1636.8336	-44885.861	2.6080488
180000	180	14364	871.47862	-46482.877	1617.9554	-44864.921	2.5802996
185000	185	14364	874.20551	-46367.414	1623.018	-44744.396	2.5402434
190000	190	14364	879.08452	-46520.961	1632.0762	-44888.884	2.5914051
195000	195	14364	884.4519	-46502.422	1642.0411	-44860.381	2.5986688
200000	200	14364	866.18737	-46366.395	1608.1318	-44758.263	2.5386514
205000	205	14364	878.02064	-46482.48	1630.101	-44852.379	2.5806792
210000	210	14364	880.26066	-46525.899	1634.2598	-44891.639	2.6045348
215000	215	14364	874.50279	-46375.512	1623.5699	-44751.942	2.5437946
220000	220	14364	885.66311	-46449.94	1644.2898	-44805.65	2.5667549
225000	225	14364	886.36214	-46498.606	1645.5876	-44853.018	2.6040384
230000	230	14364	878.45792	-46405.837	1630.9129	-44774.924	2.5544185
235000	235	14364	893.23304	-46397.137	1658.3438	-44738.793	2.5563315
240000	240	14364	891.17328	-46501.529	1654.5197	-44847.009	2.6049113
245000	245	14364	885.51237	-46455.411	1644.0099	-44811.401	2.5674048
250000	250	14364	877.71492	-46373.78	1629.5335	-44744.246	2.5466475
255000	255	14364	885.94481	-46480.558	1644.8128	-44835.745	2.6009647
260000	260	14364	875.42017	-46472.693	1625.2731	-44847.42	2.5796508
265000	265	14364	873.86413	-46392.499	1622.3842	-44770.115	2.5458768
270000	270	14364	894.17771	-46508.204	1660.0977	-44848.106	2.5881372
275000	275	14364	884.67718	-46505.986	1642.4593	-44863.527	2.5919827
280000	280	14364	883.70471	-46387.981	1640.6539	-44747.327	2.5431911
285000	285	14364	876.51446	-46489.334	1627.3047	-44862.029	2.5839067
290000	290	14364	870.75594	-46515.619	1616.6137	-44899.005	2.5949278
295000	295	14364	876.9399	-46384.522	1628.0946	-44756.428	2.5495731
300000	300	14364	879.77119	-46479.099	1633.351	-44845.748	2.5752191
305000	305	14364	884.20058	-46510.658	1641.5745	-44869.084	2.6026678
310000	310	14364	872.89004	-46423.692	1620.5758	-44803.116	2.5535237
315000	315	14364	883.48648	-46446.331	1640.2487	-44806.083	2.5619895
320000	320	14364	872.53764	-46504.747	1619.9215	-44884.825	2.6044537
325000	325	14364	879.05627	-46433.106	1632.0237	-44801.082	2.5658294
330000	330	14364	893.50949	-46417.402	1658.8571	-44758.545	2.5519045
335000	335	14364	883.51766	-46496.519	1640.3066	-44856.212	2.5944053
340000	340	14364	884.9588	-46478.002	1642.9822	-44835.02	2.5747872
345000	345	14364	882.62686	-46411.357	1638.6528	-44772.704	2.5501563
350000	350	14364	882.00857	-46493.806	1637.5049	-44856.301	2.5923887
355000	355	14364	885.28534	-46481.405	1643.5884	-44837.816	2.5790361
360000	360	14364	879.49334	-46409.205	1632.8352	-44776.37	2.5483092
365000	365	14364	879.04504	-46498.942	1632.0029	-44866.939	2.5869905
370000	370	14364	877.87549	-46497.975	1629.8316	-44868.144	2.590328
375000	375	14364	886.41147	-46406.506	1645.6791	-44760.827	2.5507756
380000	380	14364	880.88563	-46465.546	1635.4201	-44830.126	2.5784537
385000	385	14364	878.49741	-46511.066	1630.9862	-44880.08	2.5953097
390000	390	14364	887.41722	-46427.088	1647.5464	-44779.542	2.5562185
395000	395	14364	878.89883	-46437.113	1631.7315	-44805.381	2.5674228
400000	400	14364	876.0637	-46513.454	1626.4679	-44886.986	2.5996512
405000	405	14364	879.56037	-46435.241	1632.9597	-44802.281	2.5643278
410000	410	14364	879.82776	-46444.943	1633.4561	-44811.486	2.5597228
415000	415	14364	886.30768	-46508.184	1645.4864	-44862.698	2.599462
420000	420	14364	875.62321	-46461.329	1625.6501	-44835.679	2.5668495
425000	425	14364	871.20728	-46419.94	1617.4516	-44802.489	2.5587386
430000	430	14364	886.01018	-46515.349	1644.9341	-44870.415	2.5956655
435000	435	14364	872.1972	-46484.793	1619.2894	-44865.503	2.5748321
440000	440	14364	880.35504	-46409.09	1634.435	-44774.655	2.5554394
445000	445	14364	885.53669	-46499.893	1644.0551	-44855.838	2.5920255
450000	450	14364	884.08132	-46503.585	1641.3531	-44862.232	2.5813119
455000	455	14364	885.27767	-46418.173	1643.5742	-44774.599	2.5556371
460000	460	14364	884.27914	-46490.846	1641.7203	-44849.126	2.5830957
465000	465	14364	874.35995	-46491.15	1623.3047	-44867.845	2.5895822
470000	470	14364	877.86571	-46423.1	1629.8134	-44793.286	2.5582965
475000	475	14364	877.29411	-46480.277	1628.7522	-44851.525	2.5715544
480000	480	14364	873.96717	-46490.712	1622.5755	-44868.137	2.5911366
485000	485	14364	883.97403	-46442.353	1641.1539	-44801.199	2.5598198
490000	490	14364	880.05238	-46480.811	1633.8731	-44846.938	2.5676595
495000	495	14364	879.83308	-46489.883	1633.4659	-44856.417	2.5935624
500000	500	14364	878.58389	-46445.194	1631.1467	-44814.048	2.5666816
505000	505	14364	881.01704	-46442.578	1635.664	-44806.914	2.5636312
510000	510	14364	890.45006	-46485.636	1653.177	-44832.459	2.5927457
515000	515	14364	884.56842	-46472.543	1642.2574	-44830.285	2.571164
520000	520	14364	884.39737	-46440.832	1641.9398	-44798.892	2.5601724
525000	525	14364	882.0011	-46498.509	1637.491	-44861.018	2.5892849
530000	530	14364	886.07082	-46498.199	1645.0467	-44853.153	2.5808383
535000	535	14364	881.0131	-46414.302	1635.6567	-44778.645	2.561289
540000	540	14364	891.25936	-46484.688	1654.6796	-44830.008	2.5863874
545000	545	14364	866.66323	-46502.968	1609.0153	-44893.953	2.5834582
550000	550	14364	876.50414	-46427.015	1627.2856	-44799.729	2.5593349
555000	555	14364	874.97421	-46488.96	1624.4452	-44864.515	2.5829182
560000	560	14364	880.48655	-46497.935	1634.6792	-44863.256	2.5882759
565000	565	14364	882.77266	-46440.46	1638.9235	-44801.537	2.5645867
570000	570	14364	875.81708	-46465.491	1626.01	-44839.481	2.5787823
575000	575	14364	883.96868	-46496.811	1641.144	-44855.667	2.5883675
580000	580	14364	874.15563	-46424.373	1622.9254	-44801.448	2.567371
585000	585	14364	870.62148	-46455.11	1616.364	-44838.746	2.5709511
590000	590	14364	881.46577	-46501.396	1636.4971	-44864.899	2.5912229
595000	595	14364	887.90659	-46475.968	1648.4549	-44827.513	2.5641643
600000	600	14364	874.60189	-46455.652	1623.7539	-44831.898	2.5670607
605000	605	14364	879.63925	-46519.159	1633.1061	-44886.052	2.5888123
610000	610	14364	884.44128	-46469.337	1642.0214	-44827.315	2.5734018
615000	615	14364	880.88182	-46447.624	1635.413	-44812.211	2.5654466
620000	620	14364	881.68229	-46499.106	1636.8991	-44862.207	2.5837978
625000	625	14364	874.19479	-46473.933	1622.9981	-44850.935	2.5802764
630000	630	14364	883.51638	-46452.469	1640.3042	-44812.165	2.5659292
635000	635	14364	875.65468	-46522.748	1625.7085	-44897.04	2.5814886
640000	640	14364	890.31851	-46488.626	1652.9328	-44835.693	2.5834925
645000	645	14364	882.94294	-46471.174	1639.2396	-44831.935	2.5684897
650000	650	14364	887.71506	-46501.14	1648.0993	-44853.041	2.573955
655000	655	14364	886.41215	-46507.722	1645.6804	-44862.041	2.5859036
660000	660	14364	879.00124	-46456.845	1631.9216	-44824.924	2.5640351
665000	665	14364	876.77432	-46485.003	1627.7872	-44857.216	2.5784079
670000	670	14364	897.32054	-46506.051	1665.9325	-44840.118	2.5865752
675000	675	14364	880.30881	-46470.469	1634.3492	-44836.12	2.5651459
680000	680	14364	886.94402	-46492.284	1646.6679	-44845.616	2.5729898
685000	685	14364	878.96944	-46494.413	1631.8625	-44862.55	2.5859621
690000	690	14364	884.12137	-46469.459	1641.4274	-44828.032	2.5671611
695000	695	14364	885.61727	-46488.067	1644.2047	-44843.862	2.5706752
700000	700	14364	882.39058	-46505.198	1638.2141	-44866.984	2.5836482
705000	705	14364	874.9418	-46476.3	1624.385	-44851.915	2.5737375
710000	710	14364	882.00205	-46458.357	1637.4928	-44820.865	2.5684706
715000	715	14364	873.7682	-46500.872	1622.2061	-44878.666	2.5803261
720000	720	14364	892.31688	-46466.49	1656.6429	-44809.847	2.5802078
725000	725	14364	881.56954	-46463.805	1636.6898	-44827.116	2.5691667
730000	730	14364	871.72557	-46491.255	1618.4138	-44872.841	2.5845614
735000	735	14364	882.922	-46498.768	1639.2007	-44859.567	2.5771708
740000	740	14364	887.83216	-46473.869	1648.3167	-44825.553	2.5686294
745000	745	14364	888.91817	-46498.573	1650.333	-44848.24	2.5780338
750000	750	14364	882.28483	-46501.621	1638.0178	-44863.603	2.5771806
755000	755	14364	878.73881	-46465.919	1631.4344	-44834.485	2.5682294
760000	760	14364	888.30146	-46494.09	1649.188	-44844.901	2.5736287
765000	765	14364	878.48942	-46509.656	1630.9714	-44878.684	2.5774625
770000	770	14364	880.9979	-46468.276	1635.6285	-44832.647	2.5626309
775000	775	14364	874.83128	-46501.28	1624.1798	-44877.1	2.5764027
780000	780	14364	888.49026	-46513.856	1649.5385	-44864.317	2.5858699
785000	785	14364	889.40535	-46496.022	1651.2375	-44844.784	2.571725
790000	790	14364	876.79118	-46453.823	1627.8185	-44826.005	2.5682658
795000	795	14364	879.27562	-46498.09	1632.431	-44865.659	2.5859596
800000	800	14364	878.25516	-46478.747	1630.5364	-44848.211	2.5655571
805000	805	14364	879.49236	-46476.65	1632.8334	-44843.817	2.5657076
810000	810	14364	881.26502	-46485.847	1636.1244	-44849.723	2.5821951
815000	815	14364	883.39147	-46485.542	1640.0723	-44845.47	2.5725195
820000	820	14364	881.58993	-46461.685	1636.7277	-44824.958	2.5662195
825000	825	14364	885.3727	-46490.649	1643.7506	-44846.898	2.5780676
830000	830	14364	883.92253	-46496.952	1641.0583	-44855.893	2.5765983
835000	835	14364	875.87058	-46462.034	1626.1093	-44835.925	2.5606549
840000	840	14364	887.92175	-46487.989	1648.4831	-44839.506	2.5778616
845000	845	14364	883.11636	-46479.754	1639.5616	-44840.192	2.5772883
850000	850	14364	876.09751	-46476.193	1626.5306	-44849.662	2.5689312
855000	855	14364	878.92526	-46490.54	1631.7805	-44858.759	2.571094
860000	860	14364	888.44513	-46514.382	1649.4548	-44864.927	2.5792956
865000	865	14364	872.99295	-46488.131	1620.7668	-44867.365	2.5637168
870000	870	14364	876.66552	-46494.6	1627.5852	-44867.015	2.5743803
875000	875	14364	877.98389	-46489.006	1630.0328	-44858.973	2.5779471
880000	880	14364	873.41466	-46470.8	1621.5497	-44849.25	2.5600981
885000	885	14364	886.40745	-46509.427	1645.6717	-44863.755	2.5735344
890000	890	14364	882.54017	-46503.819	1638.4918	-44865.327	2.5789629
895000	895	14364	882.96851	-46485.002	1639.2871	-44845.715	2.5677688
900000	900	14364	879.37514	-46490.432	1632.6157	-44857.816	2.5648708
905000	905	14364	881.10955	-46506.213	1635.8358	-44870.378	2.5763294
910000	910	14364	888.58075	-46484.587	1649.7065	-44834.88	2.5673871
915000	915	14364	866.01961	-46469.08	1607.8204	-44861.259	2.5630087
920000	920	14364	885.35041	-46481.233	1643.7092	-44837.523	2.573263
925000	925	14364	881.81401	-46493.068	1637.1437	-44855.924	2.5623681
930000	930	14364	883.01806	-46454.376	1639.3791	-44814.997	2.5695875
935000	935	14364	882.77158	-46476.811	1638.9215	-44837.89	2.5834849
940000	940	14364	875.58353	-46499.495	1625.5764	-44873.918	2.5745133
945000	945	14364	881.85013	-46459.916	1637.2107	-44822.705	2.573359
950000	950	14364	881.7225	-46497.657	1636.9738	-44860.683	2.576314
955000	955	14364	882.23039	-46498.975	1637.9167	-44861.058	2.580483
960000	960	14364	882.10384	-46468.572	1637.6818	-44830.89	2.5657987
965000	965	14364	886.17986	-46488.503	1645.2491	-44843.254	2.5742299
970000	970	14364	870.03534	-46496.165	1615.2758	-44880.889	2.5703738
975000	975	14364	888.01104	-46468.363	1648.6489	-44819.715	2.5613653
980000	980	14364	883.62833	-46495.61	1640.5121	-44855.098	2.5691874
985000	985	14364	881.10567	-46492.769	1635.8286	-44856.94	2.5844635
990000	990	14364	880.05564	-46482.731	1633.8791	-44848.852	2.5616426
995000	995	14364	883.92675	-46467.027	1641.0661	-44825.961	2.566628
1000000	1000	14364	885.09668	-46493.424	1643.2382	-44850.186	2.5791936
1005000	1005	14364	884.81498	-46493.26	1642.7152	-44850.545	2.5602198
1010000	1010	14364	878.87882	-46494.378	1631.6943	-44862.684	2.570848
1015000	1015	14364	878.23576	-46504.879	1630.5004	-44874.378	2.5804291
1020000	1020	14364	884.90766	-46484.611	1642.8872	-44841.723	2.5724244
1025000	1025	14364	885.26187	-46489.59	1643.5448	-44846.046	2.5720582
1030000	1030	14364	875.62245	-46478.346	1625.6487	-44852.697	2.57067
1035000	1035	14364	889.12701	-46482.209	1650.7207	-44831.488	2.5682985
1040000	1040	14364	881.58699	-46477.33	1636.7222	-44840.608	2.57026
1045000	1045	14364	886.86023	-46512.443	1646.5123	-44865.931	2.5799553
1050000	1050	14364	879.49916	-46500.564	1632.846	-44867.718	2.5768817
1055000	1055	14364	885.65333	-46482.443	1644.2716	-44838.171	2.5698051
1060000	1060	14364	881.80877	-46499.031	1637.134	-44861.897	2.5774068
1065000	1065	14364	874.51316	-46483.337	1623.5892	-44859.748	2.5742654
1070000	1070	14364	867.91421	-46484.065	1611.3378	-44872.727	2.5700198
1075000	1075	14364	878.4348	-46508.763	1630.87	-44877.893	2.5759969
1080000	1080	14364	878.90151	-46500.481	1631.7364	-44868.744	2.575019
1085000	1085	14364	877.02078	-46487.091	1628.2447	-44858.847	2.5634124
1090000	1090	14364	889.68919	-46501.673	1651.7644	-44849.908	2.56604
1095000	1095	14364	884.72075	-46513.029	1642.5402	-44870.489	2.5742835
1100000	1100	14364	864.414	-46474.892	1604.8395	-44870.052	2.5708989
1105000	1105	14364	886.94249	-46486.086	1646.665	-44839.421	2.5750893
1110000	1110	14364	888.11267	-46491.471	1648.8375	-44842.633	2.5776469
1115000	1115	14364	887.24081	-46479.507	1647.2189	-44832.288	2.5658571
1120000	1120	14364	881.33339	-46470.366	1636.2514	-44834.115	2.5717228
1125000	1125	14364	876.21123	-46496.905	1626.7417	-44870.163	2.5784325
1130000	1130	14364	886.80759	-46486.23	1646.4146	-44839.815	2.5695966
1135000	1135	14364	883.12989	-46490.725	1639.5867	-44851.138	2.5669131
1140000	1140	14364	878.09414	-46496.009	1630.2375	-44865.772	2.5724455
1145000	1145	14364	888.78575	-46482.607	1650.0872	-44832.52	2.5747367
1150000	1150	14364	874.75843	-46500.271	1624.0445	-44876.227	2.567089
1155000	1155	14364	882.19047	-46490.779	1637.8426	-44852.936	2.5693422
1160000	1160	14364	877.51715	-46495.685	1629.1663	-44866.519	2.5755423
1165000	1165	14364	880.84984	-46469.773	1635.3536	-44834.419	2.5683718
1170000	1170	14364	880.75049	-46518.174	1635.1692	-44883.004	2.5796718
1175000	1175	14364	874.51785	-46515.041	1623.5979	-44891.443	2.577474
1180000	1180	14364	889.52973	-46471.539	1651.4684	-44820.071	2.5683528
1185000	1185	14364	878.88681	-46497.083	1631.7091	-44865.373	2.5795359
1190000	1190	14364	889.54164	-46506.898	1651.4905	-44855.407	2.5780448
1195000	1195	14364	883.68237	-46478.831	1640.6124	-44838.219	2.5725135
1200000	1200	14364	875.08998	-46497.377	1624.6601	-44872.717	2.5747072
1205000	1205	14364	880.12982	-46508.998	1634.0169	-44874.981	2.5836788
1210000	1210	14364	881.00783	-46481.874	1635.6469	-44846.227	2.5742698
1215000	1215	14364	893.8563	-46489.354	1659.501	-44829.853	2.5759932
1220000	1220	14364	894.89591	-46494.767	1661.431	-44833.336	2.5793593
1225000	1225	14364	880.1925	-46485.484	1634.1332	-44851.35	2.5686459
1230000	1230	14364	879.85446	-46488.297	1633.5056	-44854.791	2.5710929
1235000	1235	14364	886.58867	-46492.239	1646.0081	-44846.231	2.5837888
1240000	1240	14364	879.15457	-46498.002	1632.2063	-44865.796	2.5730711
1245000	1245	14364	873.37206	-46470.716	1621.4707	-44849.246	2.5692012
1250000	1250	14364	874.65782	-46501.316	1623.8577	-44877.458	2.5772537
1255000	1255	14364	881.4645	-46495.399	1636.4948	-44858.904	2.5727133
1260000	1260	14364	882.47356	-46478.007	1638.3682	-44839.639	2.5640628
1265000	1265	14364	889.09743	-46504.948	1650.6658	-44854.282	2.5812014
1270000	1270	14364	881.15131	-46495.133	1635.9133	-44859.22	2.5734234
1275000	1275	14364	866.26169	-46480.604	1608.2698	-44872.335	2.5702686
1280000	1280	14364	881.30039	-46498.763	1636.1901	-44862.573	2.578112
1285000	1285	14364	880.62528	-46517.72	1634.9367	-44882.783	2.5819249
1290000	1290	14364	866.46783	-46481.787	1608.6525	-44873.135	2.5709534
1295000	1295	14364	891.28613	-46485.259	1654.7293	-44830.53	2.5779005
1300000	1300	14364	880.1397	-46507.507	1634.0352	-44873.472	2.5818783
1305000	1305	14364	877.56805	-46481.066	1629.2608	-44851.806	2.5688361
1310000	1310	14364	880.17805	-46483.594	1634.1064	-44849.487	2.5750129
1315000	1315	14364	885.58817	-46509.724	1644.1506	-44865.573	2.5832408
1320000	1320	14364	876.75838	-46472.014	1627.7576	-44844.256	2.5747248
1325000	1325	14364	887.72143	-46500.65	1648.1112	-44852.539	2.5739931
1330000	1330	14364	890.3837	-46507.82	1653.0538	-44854.766	2.5858857
1335000	1335	14364	882.89841	-46470.402	1639.1569	-44831.245	2.5702973
1340000	1340	14364	884.58576	-46472.701	1642.2896	-44830.412	2.571267
1345000	1345	14364	872.81003	-46507.499	1620.4272	-44887.072	2.5783508
1350000	1350	14364	879.77916	-46491.42	1633.3658	-44858.055	2.5760075
1355000	1355	14364	883.07939	-46470.857	1639.4929	-44831.364	2.5673788
1360000	1360	14364	875.47361	-46489.966	1625.3723	-44864.593	2.5805757
1365000	1365	14364	888.5149	-46503.635	1649.5843	-44854.051	2.5762374
1370000	1370	14364	887.63283	-46483.776	1647.9467	-44835.829	2.5685364
1375000	1375	14364	876.44485	-46481.846	1627.1755	-44854.67	2.5761615
1380000	1380	14364	881.99267	-46520.76	1637.4754	-44883.285	2.5802213
1385000	1385	14364	878.23627	-46473.774	1630.5014	-44843.272	2.5681928
1390000	1390	14364	891.86835	-46492.013	1655.8102	-44836.202	2.575361
1395000	1395	14364	883.06667	-46496.996	1639.4693	-44857.526	2.5763192
1400000	1400	14364	880.48245	-46477.302	1634.6716	-44842.63	2.5742459
1405000	1405	14364	879.57167	-46504.08	1632.9806	-44871.1	2.5801973
1410000	1410	14364	873.6185	-46519.8	1621.9282	-44897.872	2.5803907
1415000	1415	14364	889.0909	-46477.437	1650.6537	-44826.783	2.5707848
1420000	1420	14364	873.93539	-46480.103	1622.5165	-44857.586	2.5726561
1425000	1425	14364	879.30393	-46500.921	1632.4835	-44868.437	2.5810676
1430000	1430	14364	888.93191	-46490.114	1650.3585	-44839.755	2.5723274
1435000	1435	14364	877.27005	-46491.959	1628.7075	-44863.252	2.5769511
1440000	1440	14364	873.36214	-46496.047	1621.4522	-44874.595	2.5757522
1445000	1445	14364	888.90436	-46485.665	1650.3073	-44835.358	2.5729416
1450000	1450	14364	883.6856	-46497.901	1640.6184	-44857.282	2.573737
1455000	1455	14364	894.35989	-46523.025	1660.4359	-44862.589	2.5817227
1460000	1460	14364	871.46732	-46481.835	1617.9344	-44863.9	2.5726018
1465000	1465	14364	872.74517	-46502.65	1620.3068	-44882.343	2.5723367
1470000	1470	14364	890.82669	-46485.886	1653.8763	-44832.009	2.5781303
1475000	1475	14364	885.64947	-46497.136	1644.2645	-44852.872	2.5750826
1480000	1480	14364	870.5722	-46477.123	1616.2725	-44860.85	2.5727295
1485000	1485	14364	876.92941	-46495.2	1628.0751	-44867.125	2.5742824
1490000	1490	14364	877.75362	-46490.314	1629.6053	-44860.708	2.5738204
1495000	1495	14364	874.63199	-46472.03	1623.8098	-44848.22	2.5740918
1500000	1500	14364	879.93341	-46499.625	1633.6522	-44865.973	2.5748568
1505000	1505	14364	873.62974	-46493.877	1621.9491	-44871.928	2.5759549
1510000	1510	14364	877.72641	-46502.006	1629.5548	-44872.451	2.5730344
1515000	1515	14364	880.16382	-46499.472	1634.08	-44865.392	2.5742756
1520000	1520	14364	881.99012	-46490.878	1637.4706	-44853.408	2.5774466
1525000	1525	14364	880.3312	-46501.182	1634.3907	-44866.791	2.570888
1530000	1530	14364	877.25469	-46500.576	1628.679	-44871.897	2.5698604
1535000	1535	14364	874.85639	-46498.91	1624.2264	-44874.683	2.5785737
1540000	1540	14364	870.7155	-46495.664	1616.5386	-44879.125	2.5736307
1545000	1545	14364	884.73768	-46488.609	1642.5717	-44846.037	2.5743144
1550000	1550	14364	878.96217	-46482.408	1631.849	-44850.559	2.5684266
1555000	1555	14364	874.87525	-46489.683	1624.2614	-44865.422	2.5784477
1560000	1560	14364	884.16663	-46500.995	1641.5115	-44859.484	2.5683082
1565000	1565	14364	882.35403	-46489.364	1638.1463	-44851.218	2.5765417
1570000	1570	14364	874.1999	-46505.659	1623.0076	-44882.651	2.5737432
1575000	1575	14364	874.30224	-46495.093	1623.1976	-44871.896	2.5719748
1580000	1580	14364	879.5454	-46505.078	1632.9319	-44872.146	2.5789219
1585000	1585	14364	872.51745	-46498.584	1619.884	-44878.7	2.5746454
1590000	1590	14364	875.46935	-46490.811	1625.3644	-44865.447	2.573851
1595000	1595	14364	874.12332	-46508.313	1622.8654	-44885.448	2.5711368
1600000	1600	14364	877.94329	-46481.644	1629.9574	-44851.686	2.576396
1605000	1605	14364	891.55583	-46498.907	1655.23	-44843.677	2.5714886
1610000	1610	14364	881.71246	-46497.747	1636.9551	-44860.792	2.5766721
1615000	1615	14364	866.01237	-46488.518	1607.8069	-44880.711	2.5771971
1620000	1620	14364	882.82763	-46511.056	1639.0255	-44872.03	2.5719915
1625000	1625	14364	881.08686	-46492.526	1635.7937	-44856.732	2.5754767
1630000	1630	14364	879.08329	-46512.069	1632.0739	-44879.995	2.5761198
1635000	1635	14364	886.50678	-46487.732	1645.8561	-44841.876	2.5802315
1640000	1640	14364	875.42296	-46471.315	1625.2783	-44846.037	2.5748519
1645000	1645	14364	873.49379	-46505.665	1621.6967	-44883.969	2.5795078
1650000	1650	14364	891.65589	-46489.474	1655.4158	-44834.058	2.5756705
1655000	1655	14364	874.66504	-46493.136	1623.8712	-44869.265	2.5732954
1660000	1660	14364	878.23517	-46492.07	1630.4993	-44861.571	2.5788525
1665000	1665	14364	877.24745	-46479.72	1628.6656	-44851.054	2.5722236
1670000	1670	14364	884.03313	-46495.288	1641.2636	-44854.025	2.5727633
1675000	1675	14364	883.96676	-46487.217	1641.1404	-44846.076	2.5800442
1680000	1680	14364	884.33225	-46490.348	1641.8189	-44848.529	2.5781748
1685000	1685	14364	885.20683	-46502.647	1643.4427	-44859.204	2.5759199
1690000	1690	14364	883.85583	-46499.34	1640.9344	-44858.406	2.5788463
1695000	1695	14364	884.29903	-46497.712	1641.7573	-44855.955	2.5751431
1700000	1700	14364	882.75529	-46490.175	1638.8912	-44851.284	2.5675605
1705000	1705	14364	882.15882	-46485.565	1637.7838	-44847.781	2.5781978
1710000	1710	14364	884.00333	-46504.355	1641.2083	-44863.147	2.5763714
1715000	1715	14364	881.98981	-46502.95	1637.4701	-44865.48	2.5731737
1720000	1720	14364	882.19432	-46494.539	1637.8498	-44856.689	2.5776818
1725000	1725	14364	881.35263	-46493.124	1636.2871	-44856.837	2.5780458
1730000	1730	14364	868.768	-46488.192	1612.9229	-44875.269	2.5751076
1735000	1735	14364	876.75471	-46477.059	1627.7508	-44849.308	2.575856
1740000	1740	14364	881.14296	-46509.084	1635.8978	-44873.186	2.5796115
1745000	1745	14364	885.89436	-46504.711	1644.7191	-44859.992	2.5714339
1750000	1750	14364	891.47572	-46499.579	1655.0813	-44844.498	2.5732391
1755000	1755	14364	890.06355	-46505.046	1652.4595	-44852.587	2.5777207
1760000	1760	14364	881.27076	-46475.189	1636.1351	-44839.054	2.5769288
1765000	1765	14364	884.33901	-46483.381	1641.8315	-44841.549	2.5723721
1770000	1770	14364	878.32023	-46483.974	1630.6572	-44853.317	2.5789213
1775000	1775	14364	879.66915	-46509.624	1633.1616	-44876.462	2.5746822
1780000	1780	14364	885.68267	-46491.89	1644.3261	-44847.564	2.571678
1785000	1785	14364	877.87414	-46489.675	1629.829	-44859.846	2.5755598
1790000	1790	14364	880.84053	-46500.103	1635.3363	-44864.766	2.5708829
1795000	1795	14364	883.76695	-46477.804	1640.7694	-44837.035	2.5765322
1800000	1800	14364	892.92479	-46482.831	1657.7715	-44825.06	2.5705098
1805000	1805	14364	883.63441	-46492.975	1640.5234	-44852.452	2.5729696
1810000	1810	14364	884.29566	-46502.494	1641.751	-44860.743	2.5771334
1815000	1815	14364	872.80029	-46501.566	1620.4091	-44881.157	2.5745132
1820000	1820	14364	873.27276	-46505.945	1621.2863	-44884.659	2.5719719
1825000	1825	14364	876.70663	-46483.844	1627.6615	-44856.182	2.5719148
1830000	1830	14364	883.87919	-46487.308	1640.9778	-44846.33	2.5741192
1835000	1835	14364	882.88843	-46497.617	1639.1384	-44858.479	2.5729353
1840000	1840	14364	878.48797	-46492.193	1630.9687	-44861.224	2.5754918
1845000	1845	14364	895.59984	-46510.709	1662.7379	-44847.971	2.57428
1850000	1850	14364	889.88384	-46481.145	1652.1258	-44829.019	2.5708149
1855000	1855	14364	886.27306	-46482.549	1645.4222	-44837.127	2.5727934
1860000	1860	14364	881.66413	-46503.958	1636.8654	-44867.093	2.5768087
1865000	1865	14364	883.02866	-46500.041	1639.3987	-44860.642	2.5743397
1870000	1870	14364	880.81029	-46508.212	1635.2802	-44872.932	2.5702133
1875000	1875	14364	887.02905	-46496.669	1646.8257	-44849.843	2.5741976
1880000	1880	14364	881.86903	-46494.424	1637.2458	-44857.178	2.5676558
1885000	1885	14364	885.66675	-46484.916	1644.2965	-44840.62	2.5754052
1890000	1890	14364	884.86931	-46507.174	1642.816	-44864.358	2.5783448
1895000	1895	14364	886.95077	-46479.918	1646.6804	-44833.237	2.5749016
1900000	1900	14364	886.42429	-46504.829	1645.703	-44859.126	2.5783688
1905000	1905	14364	872.7729	-46493.2	1620.3583	-44872.841	2.5789619
1910000	1910	14364	881.85969	-46491.145	1637.2285	-44853.917	2.5769568
1915000	1915	14364	881.40871	-46486.21	1636.3912	-44849.819	2.5678672
1920000	1920	14364	879.65194	-46492.247	1633.1296	-44859.117	2.5783711
1925000	1925	14364	879.72241	-46507.878	1633.2605	-44874.618	2.5747084
1930000	1930	14364	882.71517	-46493.51	1638.8167	-44854.693	2.5744618
1935000	1935	14364	883.34891	-46497.062	1639.9933	-44857.068	2.5729144
1940000	1940	14364	880.49472	-46500.583	1634.6943	-44865.889	2.5712785
1945000	1945	14364	887.19507	-46475.912	1647.134	-44828.778	2.5724793
1950000	1950	14364	880.94495	-46493.293	1635.5302	-44857.762	2.5752776
1955000	1955	14364	876.95173	-46488.794	1628.1165	-44860.677	2.5746296
1960000	1960	14364	884.66652	-46503.337	1642.4395	-44860.898	2.5757666
1965000	1965	14364	872.43672	-46496.661	1619.7341	-44876.927	2.5703948
1970000	1970	14364	872.23901	-46508.128	1619.3671	-44888.761	2.5788011
1975000	1975	14364	885.70179	-46489.541	1644.3616	-44845.179	2.5714352
1980000	1980	14364	883.70573	-46499.854	1640.6558	-44859.198	2.578635
1985000	1985	14364	883.6112	-46490.67	1640.4803	-44850.19	2.5770307
1990000	1990	14364	889.77195	-46490.556	1651.9181	-44838.638	2.575841
1995000	1995	14364	892.157	-46490.093	1656.3461	-44833.747	2.5727509
2000000	2000	14364	882.41349	-46499.854	1638.2567	-44861.597	2.5795436
2005000	2005	14364	879.67659	-46479.262	1633.1754	-44846.086	2.5779212
2010000	2010	14364	874.7444	-46489.283	1624.0185	-44865.264	2.571585
2015000	2015	14364	888.00605	-46505.999	1648.6396	-44857.359	2.581142
2020000	2020	14364	881.45251	-46514.189	1636.4725	-44877.716	2.5714926
2025000	2025	14364	887.79126	-46496.193	1648.2408	-44847.953	2.5733484
2030000	2030	14364	869.34349	-46501.545	1613.9914	-44887.553	2.5766795
2035000	2035	14364	874.42402	-46489.734	1623.4237	-44866.31	2.5777325
2040000	2040	14364	885.09611	-46489.004	1643.2371	-44845.767	2.5765452
2045000	2045	14364	875.8576	-46498.053	1626.0852	-44871.968	2.5755138
2050000	2050	14364	881.51412	-46507.219	1636.5869	-44870.633	2.5801655
2055000	2055	14364	880.89767	-46507.434	1635.4424	-44871.992	2.5740187
2060000	2060	14364	885.0486	-46494.86	1643.1489	-44851.711	2.5793833
2065000	2065	14364	886.62868	-46535.993	1646.0824	-44889.91	2.5774116
2070000	2070	14364	882.7487	-46484.062	1638.879	-44845.183	2.5761982
2075000	2075	14364	886.11003	-46481.399	1645.1195	-44836.28	2.5752514
2080000	2080	14364	889.45647	-46480.708	1651.3324	-44829.375	2.5805421
2085000	2085	14364	885.66044	-46502.271	1644.2848	-44857.986	2.5717945
2090000	2090	14364	877.2804	-46484.077	1628.7267	-44855.35	2.5693093
2095000	2095	14364	875.59439	-46501.398	1625.5965	-44875.802	2.5796269
2100000	2100	14364	880.91089	-46485.954	1635.467	-44850.487	2.5732806
2105000	2105	14364	885.16419	-46486.706	1643.3635	-44843.342	2.5722908
2110000	2110	14364	875.18187	-46472.392	1624.8307	-44847.561	2.5783465
2115000	2115	14364	882.33031	-46512.772	1638.1022	-44874.67	2.5759532
2120000	2120	14364	888.93927	-46484.313	1650.3722	-44833.941	2.5747456
2125000	2125	14364	871.05531	-46492.582	1617.1695	-44875.412	2.5790656
2130000	2130	14364	886.90414	-46502.631	1646.5938	-44856.037	2.5755163
2135000	2135	14364	883.58468	-46485.25	1640.431	-44844.819	2.5715272
2140000	2140	14364	890.71895	-46490.29	1653.6763	-44836.614	2.5802282
2145000	2145	14364	871.53693	-46507.245	1618.0636	-44889.182	2.580803
2150000	2150	14364	877.81361	-46473.865	1629.7167	-44844.148	2.5733556
2155000	2155	14364	884.57649	-46490.906	1642.2724	-44848.634	2.5761999
2160000	2160	14364	880.04681	-46502.654	1633.8628	-44868.791	2.5761258
2165000	2165	14364	884.11325	-46502.711	1641.4124	-44861.298	2.5745088
2170000	2170	14364	869.38072	-46493.099	1614.0605	-44879.038	2.5763334
2175000	2175	14364	875.28252	-46483.799	1625.0175	-44858.782	2.5736822
2180000	2180	14364	881.1435	-46473.447	1635.8988	-44837.548	2.5738724
2185000	2185	14364	884.90032	-46498.208	1642.8736	-44855.335	2.5754276
2190000	2190	14364	882.55271	-46492.416	1638.5151	-44853.901	2.5698591
2195000	2195	14364	883.21782	-46494.232	1639.7499	-44854.482	2.5757585
2200000	2200	14364	886.36439	-46504.766	1645.5917	-44859.174	2.5789867
2205000	2205	14364	886.71566	-46500.273	1646.2439	-44854.029	2.5773127
2210000	2210	14364	866.29757	-46474.957	1608.3364	-44866.62	2.576157
2215000	2215	14364	874.79739	-46471.625	1624.1169	-44847.508	2.5744543
2220000	2220	14364	891.93737	-46492.102	1655.9383	-44836.163	2.5787872
2225000	2225	14364	871.42869	-46507.629	1617.8627	-44889.766	2.5779689
2230000	2230	14364	882.09693	-46495.319	1637.6689	-44857.65	2.5751858
2235000	2235	14364	885.16613	-46500.903	1643.3671	-44857.536	2.5771096
2240000	2240	14364	878.18573	-46494.379	1630.4075	-44863.971	2.5726439
2245000	2245	14364	887.71161	-46481.637	1648.0929	-44833.544	2.576674
2250000	2250	14364	881.55888	-46509.665	1636.67	-44872.995	2.5759931
2255000	2255	14364	886.87478	-46492.835	1646.5393	-44846.296	2.5796631
2260000	2260	14364	885.80556	-46487.379	1644.5542	-44842.825	2.5759668
2265000	2265	14364	881.66345	-46495.426	1636.8642	-44858.562	2.5785324
2270000	2270	14364	886.29048	-46480.561	1645.4545	-44835.107	2.5775259
2275000	2275	14364	883.57054	-46499.903	1640.4048	-44859.498	2.5749378
2280000	2280	14364	883.46559	-46507.154	1640.2099	-44866.944	2.5775833
2285000	2285	14364	880.50951	-46481.603	1634.7218	-44846.881	2.5746458
2290000	2290	14364	889.81533	-46488.157	1651.9986	-44836.158	2.5740013
2295000	2295	14364	886.14852	-46488.463	1645.191	-44843.272	2.5790908
2300000	2300	14364	882.79733	-46487.399	1638.9693	-44848.43	2.5757566
2305000	2305	14364	879.84496	-46493.537	1633.488	-44860.049	2.579052
2310000	2310	14364	884.68432	-46487.751	1642.4726	-44845.278	2.5809196
2315000	2315	14364	886.26839	-46498.844	1645.4135	-44853.43	2.5719767
2320000	2320	14364	884.16094	-46490.745	1641.5009	-44849.245	2.5726409
2325000	2325	14364	883.18112	-46493.113	1639.6818	-44853.431	2.5787
2330000	2330	14364	881.61857	-46475.485	1636.7808	-44838.704	2.5796071
2335000	2335	14364	891.47494	-46489.268	1655.0798	-44834.188	2.5822598
2340000	2340	14364	876.62447	-46479.114	1627.509	-44851.605	2.5774025
2345000	2345	14364	880.93085	-46480.432	1635.504	-44844.928	2.5815864
2350000	2350	14364	881.15708	-46494.672	1635.924	-44858.748	2.5810245
2355000	2355	14364	882.65371	-46516.444	1638.7026	-44877.741	2.5761909
2360000	2360	14364	879.12651	-46482.493	1632.1542	-44850.338	2.5787021
2365000	2365	14364	877.93658	-46490.486	1629.945	-44860.541	2.5783943
2370000	2370	14364	877.96551	-46506.131	1629.9987	-44876.132	2.5778741
2375000	2375	14364	882.16906	-46498.174	1637.8028	-44860.371	2.5807141
2380000	2380	14364	885.42265	-46499.122	1643.8433	-44855.278	2.5716623
2385000	2385	14364	882.6212	-46502.303	1638.6423	-44863.66	2.5780936
2390000	2390	14364	880.58942	-46477.193	1634.8701	-44842.323	2.5785313
2395000	2395	14364	885.00928	-46486.389	1643.0759	-44843.313	2.577421
2400000	2400	14364	885.02621	-46503.95	1643.1073	-44860.842	2.5749764
2405000	2405	14364	882.83098	-46495.666	1639.0317	-44856.634	2.578211
2410000	2410	14364	886.19251	-46494.351	1645.2726	-44849.079	2.5783355
2415000	2415	14364	874.25188	-46496.052	1623.1041	-44872.948	2.573507
2420000	2420	14364	878.01512	-46492.298	1630.0908	-44862.207	2.5792443
2425000	2425	14364	889.25773	-46501.501	1650.9634	-44850.537	2.5771434
2430000	2430	14364	876.12997	-46483.283	1626.5909	-44856.692	2.5695462
2435000	2435	14364	886.79232	-46492.246	1646.3862	-44845.859	2.5745687
2440000	2440	14364	871.24651	-46483.7	1617.5244	-44866.176	2.5684844
2445000	2445	14364	888.55672	-46477.845	1649.6619	-44828.183	2.5764556
2450000	2450	14364	878.50584	-46499.27	1631.0018	-44868.268	2.575321
2455000	2455	14364	888.24059	-46486.459	1649.075	-44837.384	2.5778744
2460000	2460	14364	885.2492	-46497.932	1643.5213	-44854.41	2.5767349
2465000	2465	14364	877.72999	-46499.9	1629.5614	-44870.339	2.572988
2470000	2470	14364	877.88113	-46494.735	1629.842	-44864.893	2.5793804
2475000	2475	14364	884.27775	-46487.37	1641.7178	-44845.652	2.5729276
2480000	2480	14364	888.3613	-46476.962	1649.2991	-44827.663	2.5750583
2485000	2485	14364	878.74456	-46492.498	1631.445	-44861.053	2.5776123
2490000	2490	14364	891.10403	-46503.307	1654.3912	-44848.916	2.5764391
2495000	2495	14364	885.9237	-46481.947	1644.7736	-44837.173	2.5751592
2500000	2500	14364	888.4055	-46486.962	1649.3812	-44837.581	2.5765824
2505000	2505	14364	880.69987	-46471.927	1635.0752	-44836.852	2.5725663
2510000	2510	14364	883.47293	-46509.691	1640.2236	-44869.467	2.5737398
2515000	2515	14364	874.14718	-46491.758	1622.9097	-44868.848	2.5813259
2520000	2520	14364	879.67767	-46482.702	1633.1774	-44849.525	2.5695664
2525000	2525	14364	886.08206	-46501.274	1645.0676	-44856.207	2.5722566
2530000	2530	14364	880.16562	-46479.69	1634.0833	-44845.606	2.5743025
2535000	2535	14364	872.80115	-46492.013	1620.4107	-44871.603	2.5748831
2540000	2540	14364	881.62531	-46491.498	1636.7933	-44854.705	2.5699748
2545000	2545	14364	882.92886	-46482.901	1639.2135	-44843.687	2.5724486
2550000	2550	14364	881.70696	-46492.378	1636.9449	-44855.433	2.5737499
2555000	2555	14364	874.57264	-46498.616	1623.6996	-44874.916	2.56763
2560000	2560	14364	882.03828	-46502.174	1637.56	-44864.614	2.5733126
2565000	2565	14364	892.92882	-46500.536	1657.779	-44842.757	2.5720624
2570000	2570	14364	886.35302	-46493.324	1645.5706	-44847.753	2.5756177
2575000	2575	14364	874.30589	-46491.925	1623.2044	-44868.721	2.5773049
2580000	2580	14364	890.40384	-46503.491	1653.0912	-44850.399	2.5776297
2585000	2585	14364	894.3289	-46481.062	1660.3784	-44820.684	2.5730962
2590000	2590	14364	885.15645	-46460.951	1643.3491	-44817.601	2.5728209
2595000	2595	14364	874.32306	-46492.932	1623.2362	-44869.696	2.5732247
2600000	2600	14364	883.63322	-46483.169	1640.5212	-44842.648	2.5776335
2605000	2605	14364	880.79311	-46493.077	1635.2483	-44857.829	2.575527
2610000	2610	14364	873.36097	-46496.453	1621.4501	-44875.002	2.5778522
2615000	2615	14364	882.60983	-46492.078	1638.6212	-44853.456	2.5771845
2620000	2620	14364	878.76224	-46500.114	1631.4779	-44868.636	2.5755499
2625000	2625	14364	881.99993	-46506.697	1637.4888	-44869.208	2.5791573
2630000	2630	14364	877.7301	-46498.309	1629.5616	-44868.747	2.5752767
2635000	2635	14364	888.79175	-46501.335	1650.0983	-44851.237	2.5751819
2640000	2640	14364	874.89494	-46493.367	1624.298	-44869.069	2.5757042
2645000	2645	14364	881.46219	-46489.161	1636.4905	-44852.67	2.5743405
2650000	2650	14364	874.34472	-46511.574	1623.2765	-44888.297	2.5745608
2655000	2655	14364	886.5655	-46492.065	1645.9651	-44846.1	2.574144
2660000	2660	14364	881.90816	-46497.606	1637.3185	-44860.288	2.5754595
2665000	2665	14364	880.39565	-46506.471	1634.5104	-44871.961	2.5764666
2670000	2670	14364	876.00019	-46482.961	1626.3499	-44856.611	2.5762021
2675000	2675	14364	884.27465	-46497.02	1641.712	-44855.308	2.5748573
2680000	2680	14364	874.00066	-46498.801	1622.6377	-44876.164	2.5729028
2685000	2685	14364	881.50894	-46508.265	1636.5773	-44871.687	2.5747683
2690000	2690	14364	886.73072	-46491.225	1646.2719	-44844.953	2.5629985
2695000	2695	14364	882.62565	-46521.011	1638.6505	-44882.36	2.5740911
2700000	2700	14364	880.90468	-46493.602	1635.4554	-44858.147	2.5724214
2705000	2705	14364	882.69553	-46500.915	1638.7803	-44862.135	2.5700359
2710000	2710	14364	880.73202	-46500.978	1635.1349	-44865.843	2.5716957
2715000	2715	14364	880.70601	-46497.186	1635.0866	-44862.1	2.5745718
2720000	2720	14364	883.9049	-46479.112	1641.0256	-44838.086	2.5762197
2725000	2725	14364	887.95514	-46480.647	1648.5451	-44832.102	2.5755107
2730000	2730	14364	880.31232	-46480.323	1634.3557	-44845.968	2.5783941
2735000	2735	14364	885.8637	-46479.981	1644.6622	-44835.319	2.5732154
2740000	2740	14364	883.90825	-46495.697	1641.0318	-44854.666	2.5737445
2745000	2745	14364	869.40205	-46507.866	1614.1001	-44893.766	2.574992
2750000	2750	14364	887.09932	-46495.634	1646.9562	-44848.677	2.5705995
2755000	2755	14364	885.0239	-46508.488	1643.103	-44865.385	2.5711615
2760000	2760	14364	873.42824	-46509.172	1621.575	-44887.597	2.5739273
2765000	2765	14364	881.03897	-46477.458	1635.7048	-44841.753	2.5720849
2770000	2770	14364	881.72295	-46470.388	1636.9746	-44833.413	2.5674516
2775000	2775	14364	875.71528	-46497.246	1625.821	-44871.425	2.5765981
2780000	2780	14364	873.75969	-46487.828	1622.1903	-44865.638	2.5741035
2785000	2785	14364	884.97428	-46513.003	1643.0109	-44869.992	2.5728872
2790000	2790	14364	876.50598	-46498.169	1627.289	-44870.88	2.573483
2795000	2795	14364	882.61929	-46479.675	1638.6387	-44841.036	2.5714747
2800000	2800	14364	879.78569	-46490.561	1633.378	-44857.183	2.5713125
2805000	2805	14364	879.23706	-46508.098	1632.3594	-44875.739	2.5738257
2810000	2810	14364	882.32991	-46491.809	1638.1015	-44853.708	2.5718975
2815000	2815	14364	873.4103	-46482.902	1621.5416	-44861.36	2.5700138
2820000	2820	14364	883.52307	-46494.69	1640.3166	-44854.373	2.5729853
2825000	2825	14364	882.29371	-46477.263	1638.0343	-44839.229	2.5753692
2830000	2830	14364	884.60717	-46514.56	1642.3294	-44872.231	2.5610969
2835000	2835	14364	868.54023	-46478.822	1612.5001	-44866.322	2.5726767
2840000	2840	14364	884.49626	-46492.147	1642.1234	-44850.023	2.5730416
2845000	2845	14364	877.88737	-46500.632	1629.8536	-44870.778	2.5734811
2850000	2850	14364	879.58431	-46506.389	1633.0041	-44873.384	2.5665171
2855000	2855	14364	879.77899	-46498.276	1633.3655	-44864.91	2.5728817
2860000	2860	14364	880.60019	-46486.417	1634.8901	-44851.527	2.5730282
2865000	2865	14364	880.28545	-46503.542	1634.3058	-44869.236	2.5686472
2870000	2870	14364	881.23483	-46504.89	1636.0684	-44868.821	2.5689919
2875000	2875	14364	882.89115	-46499.682	1639.1434	-44860.538	2.5706163
2880000	2880	14364	884.39147	-46479.735	1641.9289	-44837.806	2.5698649
2885000	2885	14364	881.6786	-46492.447	1636.8923	-44855.554	2.5757139
2890000	2890	14364	881.71682	-46496.209	1636.9632	-44859.246	2.5648691
2895000	2895	14364	895.21159	-46492.071	1662.0171	-44830.054	2.5752486
2900000	2900	14364	874.21045	-46495.244	1623.0272	-44872.217	2.577805
2905000	2905	14364	879.10486	-46503.811	1632.114	-44871.697	2.5742179
2910000	2910	14364	879.72122	-46499.999	1633.2583	-44866.741	2.5745903
2915000	2915	14364	891.26774	-46484.137	1654.6951	-44829.442	2.5743097
2920000	2920	14364	877.64451	-46480.683	1629.4027	-44851.281	2.5768896
2925000	2925	14364	890.01266	-46487.989	1652.365	-44835.624	2.5753341
2930000	2930	14364	897.59268	-46489.951	1666.4378	-44823.513	2.5757885
2935000	2935	14364	877.42237	-46496.527	1628.9903	-44867.536	2.5695556
2940000	2940	14364	880.92551	-46505.373	1635.4941	-44869.879	2.5684064
2945000	2945	14364	875.69146	-46493.67	1625.7768	-44867.893	2.5744196
2950000	2950	14364	883.44481	-46483.939	1640.1713	-44843.768	2.5689714
2955000	2955	14364	884.92242	-46502.882	1642.9146	-44859.968	2.5736882
2960000	2960	14364	874.70528	-46489.204	1623.9459	-44865.258	2.5725951
2965000	2965	14364	886.36583	-46503.211	1645.5944	-44857.617	2.5694461
2970000	2970	14364	880.06542	-46490.176	1633.8973	-44856.279	2.5639097
2975000	2975	14364	882.92663	-46480.335	1639.2093	-44841.125	2.5718832
2980000	2980	14364	878.61802	-46513.815	1631.2101	-44882.605	2.5786532
2985000	2985	14364	887.35814	-46485.838	1647.4367	-44838.401	2.5750229
2990000	2990	14364	886.65447	-46492.736	1646.1303	-44846.605	2.5766413
2995000	2995	14364	883.93753	-46501.561	1641.0861	-44860.474	2.5740816
3000000	3000	14364	882.83015	-46493.249	1639.0302	-44854.219	2.5759089
