Step	Time	Atoms	Temp	PotEng	KinEng	TotEng	Density
0	0	21558	1800	-72109.339	5015.6297	-67093.709	2.651333
5000	5	21558	922.65731	-69670.571	2570.9486	-67099.623	2.5844843
10000	10	21558	915.63252	-69305.934	2551.3743	-66754.56	2.5156059
15000	15	21558	920.26297	-69324.749	2564.2768	-66760.472	2.5161592
20000	20	21558	923.34492	-69643.97	2572.8646	-67071.106	2.5758378
25000	25	21558	917.83048	-69699.769	2557.4988	-67142.271	2.6382398
30000	30	21558	917.28857	-69687.846	2555.9888	-67131.857	2.5863076
35000	35	21558	917.76788	-69277.207	2557.3244	-66719.882	2.5080806
40000	40	21558	918.89462	-69321.469	2560.464	-66761.005	2.520425
45000	45	21558	927.67067	-69627.806	2584.9181	-67042.888	2.5756898
50000	50	21558	920.97505	-69686.951	2566.261	-67120.69	2.6309394
55000	55	21558	921.13341	-69664.606	2566.7023	-67097.904	2.5858673
60000	60	21558	928.23115	-69308.083	2586.4798	-66721.603	2.5104255
65000	65	21558	925.5732	-69338.488	2579.0736	-66759.414	2.5212668
70000	70	21558	917.49385	-69633.176	2556.5608	-67076.615	2.5776035
75000	75	21558	920.81529	-69662.927	2565.8159	-67097.111	2.6278311
80000	80	21558	910.471	-69667.947	2536.9919	-67130.955	2.5881296
85000	85	21558	916.87821	-69326.822	2554.8453	-66771.976	2.5158716
90000	90	21558	920.86959	-69339.534	2565.9671	-66773.567	2.5184566
95000	95	21558	923.98506	-69654.636	2574.6483	-67079.987	2.581382
100000	100	21558	921.52252	-69652.538	2567.7865	-67084.751	2.6241554
105000	105	21558	919.58001	-69672.558	2562.3738	-67110.184	2.5859106
110000	110	21558	917.16634	-69360.407	2555.6482	-66804.758	2.5198693
115000	115	21558	918.0031	-69364.092	2557.9798	-66806.113	2.5158111
120000	120	21558	920.59282	-69689.695	2565.1959	-67124.499	2.5856263
125000	125	21558	914.15953	-69657.281	2547.2698	-67110.011	2.6208299
130000	130	21558	916.06254	-69658.354	2552.5725	-67105.782	2.5825374
135000	135	21558	921.19383	-69379.238	2566.8706	-66812.367	2.5227791
140000	140	21558	925.77585	-69368.75	2579.6383	-66789.112	2.5188063
145000	145	21558	914.46667	-69660.478	2548.1257	-67112.352	2.5852192
150000	150	21558	917.63885	-69677.46	2556.9648	-67120.495	2.622889
155000	155	21558	913.86754	-69626.572	2546.4562	-67080.116	2.5705756
160000	160	21558	919.57282	-69345.167	2562.3538	-66782.813	2.5166454
165000	165	21558	921.20027	-69373.329	2566.8886	-66806.441	2.5188731
170000	170	21558	920.66061	-69674.501	2565.3848	-67109.116	2.5864406
175000	175	21558	916.24533	-69673.767	2553.0818	-67120.685	2.6211994
180000	180	21558	911.63998	-69635.441	2540.2492	-67095.192	2.5707328
185000	185	21558	920.04693	-69391.804	2563.6749	-66828.129	2.5226006
190000	190	21558	923.82766	-69393.471	2574.2097	-66819.261	2.5265247
195000	195	21558	911.35499	-69678.255	2539.4551	-67138.8	2.5895565
200000	200	21558	920.95891	-69704.682	2566.216	-67138.466	2.6190828
205000	205	21558	911.07891	-69647.976	2538.6858	-67109.29	2.5731906
210000	210	21558	913.68966	-69375.823	2545.9606	-66829.863	2.5187337
215000	215	21558	920.8843	-69413.509	2566.0081	-66847.501	2.5261527
220000	220	21558	918.33459	-69685.458	2558.9035	-67126.555	2.582678
225000	225	21558	916.31575	-69691.267	2553.278	-67137.989	2.6170794
230000	230	21558	920.27058	-69637.503	2564.298	-67073.205	2.5703232
235000	235	21558	913.85233	-69376.15	2546.4138	-66829.736	2.5214449
240000	240	21558	921.7296	-69418.469	2568.3635	-66850.105	2.5319039
245000	245	21558	915.81238	-69677.229	2551.8754	-67125.353	2.5856815
250000	250	21558	919.84954	-69677.848	2563.1248	-67114.723	2.6123716
255000	255	21558	918.28968	-69615.518	2558.7783	-67056.74	2.5670226
260000	260	21558	917.54962	-69367.354	2556.7162	-66810.638	2.5214179
265000	265	21558	911.95279	-69444.566	2541.1208	-66903.445	2.5352175
270000	270	21558	922.68543	-69669.808	2571.0269	-67098.781	2.5885135
275000	275	21558	909.36409	-69704.856	2533.9075	-67170.948	2.6104248
280000	280	21558	914.70292	-69606.96	2548.784	-67058.176	2.5714806
285000	285	21558	920.74035	-69381.68	2565.607	-66816.073	2.5229803
290000	290	21558	916.19263	-69460.841	2552.935	-66907.906	2.5352948
295000	295	21558	919.50168	-69669.045	2562.1555	-67106.889	2.5906808
300000	300	21558	917.01718	-69690.828	2555.2326	-67135.595	2.6097864
305000	305	21558	908.14671	-69616.019	2530.5153	-67085.504	2.5639273
310000	310	21558	914.15902	-69377.106	2547.2684	-66829.837	2.5251645
315000	315	21558	916.05134	-69487.21	2552.5413	-66934.669	2.5382197
320000	320	21558	912.62951	-69641.687	2543.0065	-67098.681	2.5943549
325000	325	21558	917.24968	-69681.53	2555.8804	-67125.65	2.609592
330000	330	21558	915.36505	-69585.908	2550.629	-67035.279	2.5643247
335000	335	21558	914.46761	-69371.281	2548.1283	-66823.153	2.5244702
340000	340	21558	922.36237	-69508.699	2570.1267	-66938.572	2.5391717
345000	345	21558	924.29279	-69664.454	2575.5057	-67088.949	2.595133
350000	350	21558	912.68058	-69691.6	2543.1488	-67148.451	2.6042938
355000	355	21558	917.29239	-69582.362	2555.9994	-67026.363	2.5601955
360000	360	21558	916.32865	-69415.802	2553.314	-66862.488	2.5204399
365000	365	21558	918.54565	-69535.962	2559.4916	-66976.471	2.5461887
370000	370	21558	924.99996	-69669.935	2577.4763	-67092.459	2.5984929
375000	375	21558	919.08487	-69702.42	2560.9941	-67141.426	2.5997047
380000	380	21558	919.56394	-69568.74	2562.329	-67006.411	2.5567858
385000	385	21558	920.63387	-69397.716	2565.3103	-66832.406	2.5268426
390000	390	21558	920.21359	-69524.395	2564.1392	-66960.256	2.5489895
395000	395	21558	916.52557	-69663.723	2553.8627	-67109.86	2.5942658
400000	400	21558	931.55877	-69682.87	2595.7521	-67087.118	2.6029219
405000	405	21558	921.28656	-69609.755	2567.129	-67042.626	2.5566926
410000	410	21558	923.05809	-69412.451	2572.0653	-66840.386	2.5212251
415000	415	21558	920.33897	-69530.663	2564.4886	-66966.174	2.5507633
420000	420	21558	918.0798	-69690.929	2558.1935	-67132.735	2.599023
425000	425	21558	918.58074	-69682.624	2559.5893	-67123.034	2.6035616
430000	430	21558	913.69717	-69556.079	2545.9815	-67010.097	2.5485379
435000	435	21558	912.72888	-69418.521	2543.2834	-66875.237	2.5300092
440000	440	21558	914.19331	-69511.833	2547.364	-66964.469	2.5536593
445000	445	21558	909.48406	-69680.339	2534.2418	-67146.097	2.6016894
450000	450	21558	921.63454	-69682.473	2568.0987	-67114.375	2.5956426
455000	455	21558	915.30027	-69527.933	2550.4485	-66977.484	2.5521104
460000	460	21558	922.12854	-69421.495	2569.4752	-66852.02	2.5324903
465000	465	21558	922.08351	-69593.522	2569.3497	-67024.172	2.5584134
470000	470	21558	920.89733	-69684.914	2566.0444	-67118.87	2.6000542
475000	475	21558	918.53904	-69677.841	2559.4732	-67118.368	2.5951587
480000	480	21558	918.8258	-69508.272	2560.2722	-66948	2.5535452
485000	485	21558	917.18408	-69438.479	2555.6976	-66882.782	2.5365799
490000	490	21558	921.70487	-69583.008	2568.2946	-67014.713	2.5651752
495000	495	21558	919.51083	-69701.541	2562.181	-67139.36	2.6015626
500000	500	21558	916.62813	-69698.159	2554.1485	-67144.011	2.591666
505000	505	21558	911.86353	-69548.818	2540.8721	-67007.946	2.551996
510000	510	21558	916.9095	-69455.218	2554.9325	-66900.285	2.5357779
515000	515	21558	916.50947	-69610.227	2553.8179	-67056.409	2.5648585
520000	520	21558	915.5164	-69696.148	2551.0507	-67145.097	2.6028062
525000	525	21558	915.46948	-69678.996	2550.9199	-67128.076	2.5883058
530000	530	21558	912.73674	-69531.942	2543.3053	-66988.637	2.5526339
535000	535	21558	906.13951	-69475.876	2524.9224	-66950.953	2.5387113
540000	540	21558	926.83013	-69597.377	2582.576	-67014.801	2.5705768
545000	545	21558	923.38881	-69682.543	2572.9868	-67109.556	2.5997628
550000	550	21558	916.81855	-69655.488	2554.6791	-67100.808	2.5835539
555000	555	21558	929.33517	-69515.691	2589.5562	-66926.135	2.5492647
560000	560	21558	918.25927	-69463.487	2558.6936	-66904.794	2.5367761
565000	565	21558	911.25252	-69636.794	2539.1696	-67097.624	2.5720806
570000	570	21558	915.36553	-69664.126	2550.6303	-67113.496	2.602899
575000	575	21558	919.27516	-69680.237	2561.5243	-67118.713	2.5852934
580000	580	21558	909.94191	-69527.915	2535.5176	-66992.398	2.5489198
585000	585	21558	925.99587	-69466.406	2580.2513	-66886.155	2.5455601
590000	590	21558	917.62391	-69635.72	2556.9232	-67078.797	2.5726683
595000	595	21558	917.77221	-69693.268	2557.3364	-67135.932	2.601064
600000	600	21558	917.8688	-69662.8	2557.6056	-67105.195	2.5809498
605000	605	21558	917.15784	-69513.591	2555.6245	-66957.967	2.5473524
610000	610	21558	922.51857	-69468.906	2570.562	-66898.344	2.5471852
615000	615	21558	924.92404	-69620.899	2577.2647	-67043.634	2.5774494
620000	620	21558	923.97691	-69684.525	2574.6256	-67109.899	2.5966083
625000	625	21558	913.6923	-69635.994	2545.9679	-67090.026	2.5770306
630000	630	21558	914.08494	-69480.385	2547.062	-66933.323	2.543374
635000	635	21558	917.07266	-69537.161	2555.3871	-66981.774	2.5488184
640000	640	21558	919.64464	-69622.849	2562.5539	-67060.295	2.5803315
645000	645	21558	910.48524	-69676.519	2537.0316	-67139.488	2.5983947
650000	650	21558	925.11544	-69634.244	2577.7981	-67056.446	2.57876
655000	655	21558	919.70361	-69532.38	2562.7182	-66969.662	2.5465237
660000	660	21558	920.89688	-69533.212	2566.0432	-66967.169	2.5505553
665000	665	21558	921.15479	-69640.065	2566.7618	-67073.304	2.5782507
670000	670	21558	915.09092	-69659.787	2549.8651	-67109.922	2.5933333
675000	675	21558	918.63398	-69637.586	2559.7377	-67077.848	2.5714782
680000	680	21558	916.43422	-69531.912	2553.6082	-66978.304	2.547439
685000	685	21558	915.21452	-69514.512	2550.2095	-66964.303	2.5508234
690000	690	21558	925.3587	-69665.181	2578.4759	-67086.705	2.5835526
695000	695	21558	919.69537	-69680.739	2562.6952	-67118.044	2.5954119
700000	700	21558	913.18975	-69605.555	2544.5676	-67060.987	2.5688679
705000	705	21558	919.70795	-69544.626	2562.7303	-66981.895	2.5480642
710000	710	21558	911.94862	-69543.908	2541.1092	-67002.799	2.5549563
715000	715	21558	907.84849	-69679.31	2529.6844	-67149.626	2.5830214
720000	720	21558	910.94638	-69678.253	2538.3165	-67139.936	2.5919169
725000	725	21558	920.00449	-69639.704	2563.5566	-67076.147	2.5702144
730000	730	21558	927.44135	-69550.495	2584.2791	-66966.216	2.5487416
735000	735	21558	930.28949	-69568.95	2592.2153	-66976.735	2.5543057
740000	740	21558	921.65681	-69664.038	2568.1607	-67095.878	2.5837591
745000	745	21558	914.94627	-69661.679	2549.462	-67112.217	2.5937072
750000	750	21558	911.57872	-69635.218	2540.0785	-67095.14	2.5688623
755000	755	21558	917.07343	-69518.469	2555.3893	-66963.08	2.5483249
760000	760	21558	921.55285	-69582.828	2567.871	-67014.957	2.5623323
765000	765	21558	917.67297	-69667.7	2557.0599	-67110.641	2.5872732
770000	770	21558	916.8275	-69640.972	2554.704	-67086.268	2.5914221
775000	775	21558	909.49707	-69619.715	2534.2781	-67085.437	2.5685109
780000	780	21558	917.85744	-69524.123	2557.5739	-66966.549	2.5468836
785000	785	21558	923.18163	-69596.23	2572.4096	-67023.82	2.5609742
790000	790	21558	916.67317	-69681.101	2554.274	-67126.827	2.5834317
795000	795	21558	917.37382	-69675.623	2556.2263	-67119.397	2.5871856
800000	800	21558	919.55845	-69592.431	2562.3137	-67030.118	2.5624614
805000	805	21558	918.12255	-69516.255	2558.3126	-66957.942	2.5483341
810000	810	21558	918.1618	-69620.848	2558.422	-67062.426	2.5609892
815000	815	21558	921.11953	-69686.469	2566.6636	-67119.805	2.5895319
820000	820	21558	914.35191	-69648.753	2547.8059	-67100.947	2.5857613
825000	825	21558	922.49117	-69586.427	2570.4856	-67015.941	2.5617844
830000	830	21558	930.39071	-69537.623	2592.4974	-66945.126	2.553723
835000	835	21558	915.40752	-69601.421	2550.7473	-67050.674	2.5663955
840000	840	21558	918.07248	-69665.067	2558.1731	-67106.894	2.5903109
845000	845	21558	922.42548	-69656.199	2570.3026	-67085.896	2.5815951
850000	850	21558	923.62001	-69586.719	2573.6311	-67013.088	2.5583732
855000	855	21558	921.14326	-69542.678	2566.7297	-66975.948	2.552785
860000	860	21558	919.65012	-69643.627	2562.5691	-67081.058	2.5709744
865000	865	21558	928.97443	-69684.881	2588.551	-67096.33	2.5885145
870000	870	21558	921.15377	-69643.633	2566.759	-67076.874	2.5804489
875000	875	21558	918.33237	-69600.464	2558.8973	-67041.566	2.5577203
880000	880	21558	907.23176	-69567.396	2527.9659	-67039.431	2.5548611
885000	885	21558	918.41774	-69642.138	2559.1352	-67083.003	2.572631
890000	890	21558	916.82422	-69697.85	2554.6949	-67143.155	2.5851377
895000	895	21558	923.9594	-69635.602	2574.5768	-67061.025	2.5785876
900000	900	21558	914.21855	-69584.25	2547.4343	-67036.816	2.5620711
905000	905	21558	916.14247	-69569.34	2552.7952	-67016.545	2.5548357
910000	910	21558	916.23595	-69648.957	2553.0557	-67095.901	2.5744803
915000	915	21558	913.71043	-69693.466	2546.0184	-67147.448	2.5890908
920000	920	21558	914.69032	-69639.703	2548.7489	-67090.954	2.5792004
925000	925	21558	910.19074	-69571.336	2536.2109	-67035.125	2.5567488
930000	930	21558	915.74637	-69566.846	2551.6915	-67015.154	2.5521891
935000	935	21558	914.56327	-69631.873	2548.3948	-67083.478	2.5710535
940000	940	21558	911.87463	-69643.275	2540.903	-67102.372	2.5848994
945000	945	21558	916.94958	-69637.048	2555.0442	-67082.004	2.576001
950000	950	21558	913.33106	-69551.328	2544.9613	-67006.367	2.5551967
955000	955	21558	923.54177	-69591.85	2573.4131	-67018.437	2.5603809
960000	960	21558	917.57681	-69623.006	2556.7919	-67066.214	2.574301
965000	965	21558	924.80173	-69669.895	2576.9239	-67092.971	2.5848331
970000	970	21558	921.8714	-69630.691	2568.7587	-67061.932	2.5706128
975000	975	21558	923.31523	-69581.799	2572.7818	-67009.018	2.5538554
980000	980	21558	919.49372	-69588.657	2562.1333	-67026.523	2.5612057
985000	985	21558	921.83335	-69644.644	2568.6526	-67075.991	2.5735664
990000	990	21558	911.01641	-69678.318	2538.5116	-67139.806	2.5853748
995000	995	21558	917.04141	-69646.333	2555.3001	-67091.033	2.5678334
1000000	1000	21558	915.56121	-69587.45	2551.1755	-67036.275	2.5560056
1005000	1005	21558	918.83707	-69608.088	2560.3036	-67047.784	2.5616306
1010000	1010	21558	928.14901	-69656.053	2586.251	-67069.802	2.5801387
1015000	1015	21558	920.11519	-69706.852	2563.865	-67142.987	2.587004
1020000	1020	21558	925.5193	-69611.972	2578.9234	-67033.049	2.5651134
1025000	1025	21558	918.3216	-69578.091	2558.8673	-67019.223	2.5531984
1030000	1030	21558	919.25452	-69631.572	2561.4668	-67070.105	2.5668232
1035000	1035	21558	920.80849	-69666.24	2565.7969	-67100.443	2.5767823
1040000	1040	21558	914.49153	-69663.495	2548.1949	-67115.3	2.5795375
1045000	1045	21558	929.38048	-69625.349	2589.6824	-67035.667	2.5617689
1050000	1050	21558	916.01881	-69579.991	2552.4506	-67027.54	2.5593906
1055000	1055	21558	917.85698	-69651.26	2557.5726	-67093.687	2.5667041
1060000	1060	21558	913.17307	-69678.749	2544.5211	-67134.228	2.582311
1065000	1065	21558	910.01032	-69658.758	2535.7082	-67123.049	2.5804556
1070000	1070	21558	914.77381	-69600.367	2548.9815	-67051.386	2.5638082
1075000	1075	21558	923.63856	-69593.306	2573.6828	-67019.623	2.5563825
1080000	1080	21558	914.57658	-69630.017	2548.4319	-67081.585	2.5661144
1085000	1085	21558	922.93968	-69686.529	2571.7354	-67114.794	2.5838071
1090000	1090	21558	907.14396	-69652.436	2527.7212	-67124.714	2.5733518
1095000	1095	21558	923.86917	-69597.988	2574.3254	-67023.663	2.5584158
1100000	1100	21558	916.79602	-69593.924	2554.6163	-67039.308	2.5598198
1105000	1105	21558	911.47724	-69629.83	2539.7957	-67090.034	2.5721121
1110000	1110	21558	913.80353	-69688.637	2546.2778	-67142.359	2.5837096
1115000	1115	21558	921.37014	-69678.267	2567.3619	-67110.905	2.5756012
1120000	1120	21558	923.70516	-69607.906	2573.8683	-67034.038	2.5592558
1125000	1125	21558	925.27158	-69611.268	2578.2331	-67033.035	2.5562195
1130000	1130	21558	920.25647	-69658.579	2564.2587	-67094.321	2.5706108
1135000	1135	21558	910.92471	-69663.43	2538.2561	-67125.174	2.5802905
1140000	1140	21558	908.99943	-69633.775	2532.8914	-67100.883	2.5729805
1145000	1145	21558	922.90319	-69587.743	2571.6337	-67016.11	2.5582722
1150000	1150	21558	921.63227	-69591.178	2568.0923	-67023.086	2.5604405
1155000	1155	21558	914.7368	-69681.315	2548.8784	-67132.437	2.5740083
1160000	1160	21558	917.13083	-69683.295	2555.5493	-67127.746	2.5826543
1165000	1165	21558	919.73511	-69641.41	2562.806	-67078.604	2.5757869
1170000	1170	21558	924.11184	-69584.855	2575.0016	-67009.853	2.5569248
1175000	1175	21558	906.85885	-69611.595	2526.9268	-67084.668	2.5587563
1180000	1180	21558	920.06857	-69676.53	2563.7351	-67112.794	2.5726518
1185000	1185	21558	928.08863	-69669.266	2586.0827	-67083.183	2.5820875
1190000	1190	21558	930.00405	-69660.558	2591.42	-67069.138	2.5687855
1195000	1195	21558	915.57249	-69627.471	2551.207	-67076.264	2.5617709
1200000	1200	21558	925.69488	-69614.726	2579.4126	-67035.313	2.5626724
1205000	1205	21558	909.10577	-69721.561	2533.1877	-67188.373	2.5797139
1210000	1210	21558	915.33623	-69682.511	2550.5487	-67131.962	2.5817026
1215000	1215	21558	925.10345	-69625.418	2577.7646	-67047.654	2.5661835
1220000	1220	21558	919.67823	-69606.183	2562.6475	-67043.536	2.56084
1225000	1225	21558	923.47602	-69647.118	2573.2299	-67073.889	2.5663654
1230000	1230	21558	913.06729	-69680.539	2544.2263	-67136.313	2.5777281
1235000	1235	21558	922.95339	-69664.428	2571.7736	-67092.654	2.5818644
1240000	1240	21558	924.54037	-69640.441	2576.1956	-67064.245	2.5622428
1245000	1245	21558	919.42526	-69615.297	2561.9426	-67053.354	2.5605961
1250000	1250	21558	917.682	-69635.269	2557.085	-67078.184	2.5672772
1255000	1255	21558	917.62759	-69683.785	2556.9334	-67126.852	2.5787319
1260000	1260	21558	917.63608	-69663.354	2556.9571	-67106.397	2.5789938
1265000	1265	21558	905.95767	-69615.99	2524.4157	-67091.575	2.5668024
1270000	1270	21558	927.79071	-69607.116	2585.2526	-67021.864	2.5592774
1275000	1275	21558	918.88027	-69627.182	2560.424	-67066.758	2.571088
1280000	1280	21558	917.0254	-69625.791	2555.2555	-67070.536	2.5805373
1285000	1285	21558	912.5894	-69645.148	2542.8947	-67102.254	2.5757029
1290000	1290	21558	922.83043	-69608.731	2571.431	-67037.3	2.5594108
1295000	1295	21558	914.80226	-69605.104	2549.0608	-67056.043	2.5577053
1300000	1300	21558	924.41082	-69660.867	2575.8347	-67085.033	2.5752954
1305000	1305	21558	923.33335	-69683.69	2572.8323	-67110.857	2.5797193
1310000	1310	21558	919.25261	-69661.537	2561.4615	-67100.076	2.575135
1315000	1315	21558	919.77031	-69638.398	2562.9041	-67075.494	2.564123
1320000	1320	21558	919.73274	-69597.231	2562.7993	-67034.432	2.5601609
1325000	1325	21558	915.15491	-69642.573	2550.0434	-67092.53	2.5737889
1330000	1330	21558	922.40858	-69669.837	2570.2555	-67099.582	2.5812079
1335000	1335	21558	926.37572	-69613.661	2581.3098	-67032.351	2.5697665
1340000	1340	21558	921.50382	-69595.453	2567.7344	-67027.718	2.562752
1345000	1345	21558	913.68386	-69612.803	2545.9444	-67066.859	2.562942
1350000	1350	21558	914.61003	-69670.407	2548.5251	-67121.881	2.5758717
1355000	1355	21558	914.66025	-69685.118	2548.6651	-67136.453	2.5778073
1360000	1360	21558	925.01691	-69641.072	2577.5235	-67063.549	2.5669834
1365000	1365	21558	914.34426	-69635.867	2547.7846	-67088.082	2.5581972
1370000	1370	21558	912.36197	-69609.813	2542.261	-67067.552	2.5661009
1375000	1375	21558	922.56394	-69648.702	2570.6884	-67078.014	2.5718012
1380000	1380	21558	918.71315	-69672.968	2559.9583	-67113.01	2.5762012
1385000	1385	21558	913.77542	-69635.296	2546.1995	-67089.096	2.5687684
1390000	1390	21558	908.56903	-69597.163	2531.6921	-67065.471	2.5581792
1395000	1395	21558	925.1199	-69625.9	2577.8105	-67048.089	2.5689256
1400000	1400	21558	913.3703	-69680.472	2545.0707	-67135.401	2.5780127
1405000	1405	21558	915.75278	-69660.197	2551.7094	-67108.488	2.5763643
1410000	1410	21558	924.74453	-69664.526	2576.7645	-67087.762	2.564394
1415000	1415	21558	911.71207	-69606.99	2540.4501	-67066.54	2.5565302
1420000	1420	21558	922.63115	-69625.519	2570.8757	-67054.643	2.5717306
1425000	1425	21558	907.89299	-69665.098	2529.8084	-67135.29	2.5794712
1430000	1430	21558	928.82109	-69670.838	2588.1237	-67082.714	2.5758297
1435000	1435	21558	927.32811	-69610.999	2583.9636	-67027.036	2.5640492
1440000	1440	21558	925.14808	-69582.849	2577.889	-67004.96	2.5623376
1445000	1445	21558	916.11959	-69620.991	2552.7315	-67068.26	2.5709032
1450000	1450	21558	916.79851	-69654.46	2554.6232	-67099.837	2.5755671
1455000	1455	21558	926.67356	-69651.555	2582.1397	-67069.416	2.5725073
1460000	1460	21558	916.99331	-69645.489	2555.1661	-67090.322	2.5619243
1465000	1465	21558	917.63676	-69646.213	2556.959	-67089.254	2.5651364
1470000	1470	21558	919.67662	-69662.766	2562.643	-67100.123	2.5696037
1475000	1475	21558	914.16306	-69684.569	2547.2797	-67137.289	2.5796383
1480000	1480	21558	919.33708	-69660.624	2561.6969	-67098.927	2.5724032
1485000	1485	21558	920.22884	-69628.196	2564.1817	-67064.014	2.5643444
1490000	1490	21558	912.62326	-69599.822	2542.9891	-67056.833	2.5646618
1495000	1495	21558	917.02299	-69673.986	2555.2487	-67118.737	2.5721774
1500000	1500	21558	908.95996	-69658.094	2532.7814	-67125.312	2.5779024
1505000	1505	21558	919.65199	-69626.683	2562.5743	-67064.108	2.5705545
1510000	1510	21558	921.49464	-69628.31	2567.7088	-67060.601	2.5663922
1515000	1515	21558	932.99741	-69632.605	2599.7608	-67032.844	2.5642174
1520000	1520	21558	914.86081	-69634.005	2549.2239	-67084.781	2.5726408
1525000	1525	21558	916.20322	-69683.559	2552.9645	-67130.594	2.5767669
1530000	1530	21558	912.49704	-69629.65	2542.6374	-67087.013	2.5664879
1535000	1535	21558	923.72928	-69615.599	2573.9356	-67041.664	2.564043
1540000	1540	21558	925.13202	-69634.296	2577.8442	-67056.451	2.5676479
1545000	1545	21558	915.85568	-69657.958	2551.9961	-67105.962	2.577376
1550000	1550	21558	918.37613	-69620.221	2559.0192	-67061.202	2.5769796
1555000	1555	21558	911.88797	-69629.309	2540.9402	-67088.369	2.5685533
1560000	1560	21558	922.18989	-69611.21	2569.6461	-67041.564	2.5622634
1565000	1565	21558	917.30749	-69628.979	2556.0415	-67072.938	2.5691066
1570000	1570	21558	926.14878	-69664.876	2580.6774	-67084.199	2.5777023
1575000	1575	21558	912.36267	-69652.273	2542.2629	-67110.01	2.572526
1580000	1580	21558	921.45973	-69647.34	2567.6116	-67079.728	2.5643008
1585000	1585	21558	918.20324	-69626.35	2558.5375	-67067.813	2.5610033
1590000	1590	21558	919.40508	-69650.981	2561.8864	-67089.095	2.5676251
1595000	1595	21558	917.58142	-69659.414	2556.8048	-67102.609	2.5738396
1600000	1600	21558	912.71068	-69647.729	2543.2327	-67104.497	2.5738028
1605000	1605	21558	918.12925	-69634.353	2558.3313	-67076.022	2.563617
1610000	1610	21558	922.64089	-69620.44	2570.9028	-67049.537	2.5638356
1615000	1615	21558	916.36199	-69646.93	2553.4069	-67093.523	2.5730475
1620000	1620	21558	919.20045	-69674.632	2561.3162	-67113.316	2.5772964
1625000	1625	21558	912.39732	-69676.478	2542.3595	-67134.118	2.5705067
1630000	1630	21558	918.88506	-69651.634	2560.4373	-67091.196	2.5656972
1635000	1635	21558	921.57932	-69623.112	2567.9448	-67055.168	2.565805
1640000	1640	21558	921.70875	-69665.447	2568.3054	-67097.142	2.5725383
1645000	1645	21558	920.49324	-69671.903	2564.9185	-67106.984	2.5763996
1650000	1650	21558	921.62236	-69661.491	2568.0647	-67093.426	2.5697077
1655000	1655	21558	919.85022	-69618.741	2563.1267	-67055.614	2.5658065
1660000	1660	21558	923.49819	-69630.664	2573.2916	-67057.373	2.5648094
1665000	1665	21558	906.5716	-69679.888	2526.1264	-67153.762	2.5730816
1670000	1670	21558	913.04726	-69665.233	2544.1705	-67121.062	2.5752039
1675000	1675	21558	928.513	-69663.654	2587.2652	-67076.389	2.5725344
1680000	1680	21558	922.63353	-69630.279	2570.8823	-67059.397	2.5654282
1685000	1685	21558	921.9842	-69655.946	2569.073	-67086.873	2.5691029
1690000	1690	21558	915.57863	-69684.937	2551.2241	-67133.713	2.5730036
1695000	1695	21558	920.0673	-69657.266	2563.7316	-67093.534	2.574761
1700000	1700	21558	921.69427	-69622.004	2568.2651	-67053.739	2.5692736
1705000	1705	21558	917.89959	-69632.626	2557.6914	-67074.935	2.5626758
1710000	1710	21558	910.14851	-69662.286	2536.0933	-67126.193	2.5666871
1715000	1715	21558	919.65911	-69649.19	2562.5942	-67086.596	2.5749709
1720000	1720	21558	917.74306	-69644.133	2557.2552	-67086.878	2.5753204
1725000	1725	21558	922.10344	-69663.048	2569.4052	-67093.643	2.5685307
1730000	1730	21558	913.52373	-69625.735	2545.4982	-67080.236	2.5655737
1735000	1735	21558	917.48047	-69622.414	2556.5235	-67065.891	2.5716948
1740000	1740	21558	918.59645	-69672.852	2559.6331	-67113.219	2.5773553
1745000	1745	21558	911.58364	-69660.37	2540.0922	-67120.278	2.5722558
1750000	1750	21558	917.81174	-69645.487	2557.4466	-67088.04	2.5703357
1755000	1755	21558	910.88588	-69644.506	2538.1479	-67106.358	2.5692582
1760000	1760	21558	915.90934	-69640.969	2552.1456	-67088.823	2.5691646
1765000	1765	21558	924.96893	-69675.358	2577.3898	-67097.968	2.5736394
1770000	1770	21558	916.19529	-69676.145	2552.9424	-67123.203	2.5746928
1775000	1775	21558	915.91695	-69648.537	2552.1668	-67096.37	2.5697352
1780000	1780	21558	913.4432	-69625.515	2545.2738	-67080.241	2.5673002
1785000	1785	21558	920.75717	-69666.285	2565.6539	-67100.631	2.5730275
1790000	1790	21558	929.03014	-69645.877	2588.7062	-67057.171	2.576103
1795000	1795	21558	914.07105	-69641.057	2547.0233	-67094.034	2.575487
1800000	1800	21558	920.34614	-69615.528	2564.5086	-67051.02	2.5641916
1805000	1805	21558	915.9521	-69642.284	2552.2648	-67090.019	2.5669623
1810000	1810	21558	923.19198	-69639.488	2572.4384	-67067.049	2.572689
1815000	1815	21558	917.40915	-69659.598	2556.3248	-67103.274	2.5738833
1820000	1820	21558	925.48425	-69659.145	2578.8257	-67080.319	2.5727361
1825000	1825	21558	913.6499	-69626.182	2545.8498	-67080.332	2.5675105
1830000	1830	21558	917.69853	-69627.167	2557.1311	-67070.036	2.5691744
1835000	1835	21558	915.34714	-69662.503	2550.579	-67111.924	2.5744596
1840000	1840	21558	925.1464	-69660.185	2577.8843	-67082.3	2.5708495
1845000	1845	21558	928.95601	-69648.655	2588.4996	-67060.155	2.5684292
1850000	1850	21558	915.06518	-69636.689	2549.7934	-67086.895	2.5661903
1855000	1855	21558	923.09363	-69638.012	2572.1644	-67065.847	2.5684248
1860000	1860	21558	923.49966	-69661.609	2573.2957	-67088.314	2.5744555
1865000	1865	21558	923.35026	-69643.581	2572.8794	-67070.701	2.5752483
1870000	1870	21558	909.13472	-69645.222	2533.2684	-67111.954	2.5719571
1875000	1875	21558	917.87076	-69627.815	2557.611	-67070.204	2.5677287
1880000	1880	21558	923.85825	-69635.548	2574.2949	-67061.253	2.5714377
1885000	1885	21558	909.96479	-69673.866	2535.5814	-67138.285	2.5721292
1890000	1890	21558	907.33532	-69668.965	2528.2544	-67140.711	2.5743914
1895000	1895	21558	907.40722	-69655.598	2528.4548	-67127.143	2.5694295
1900000	1900	21558	923.55905	-69688.442	2573.4612	-67114.98	2.5656157
1905000	1905	21558	915.28281	-69626.464	2550.3998	-67076.065	2.5683604
1910000	1910	21558	923.6166	-69663.735	2573.6216	-67090.114	2.575149
1915000	1915	21558	924.59781	-69664.309	2576.3557	-67087.953	2.5728441
1920000	1920	21558	915.36012	-69630.793	2550.6152	-67080.177	2.5686834
1925000	1925	21558	918.75061	-69639.865	2560.0627	-67079.802	2.5675585
1930000	1930	21558	916.70254	-69662.084	2554.3558	-67107.728	2.5699213
1935000	1935	21558	922.17487	-69656.293	2569.6043	-67086.689	2.5751547
1940000	1940	21558	918.74636	-69661.785	2560.0509	-67101.734	2.572635
1945000	1945	21558	912.22097	-69632.83	2541.8681	-67090.962	2.5700228
1950000	1950	21558	908.55285	-69651.929	2531.647	-67120.282	2.5663889
1955000	1955	21558	919.47241	-69645.525	2562.074	-67083.451	2.5725706
1960000	1960	21558	919.86414	-69669.857	2563.1655	-67106.692	2.5725407
1965000	1965	21558	916.54754	-69645.677	2553.9239	-67091.753	2.5707164
1970000	1970	21558	922.13565	-69614.093	2569.495	-67044.598	2.5676898
1975000	1975	21558	915.06182	-69636.559	2549.784	-67086.775	2.5687782
1980000	1980	21558	919.37761	-69697.283	2561.8098	-67135.473	2.5702365
1985000	1985	21558	916.91165	-69678.667	2554.9385	-67123.729	2.5751378
1990000	1990	21558	929.18046	-69664.534	2589.1251	-67075.409	2.5709415
1995000	1995	21558	913.64869	-69659.548	2545.8464	-67113.702	2.5714685
2000000	2000	21558	920.06075	-69657.671	2563.7133	-67093.958	2.5720589
2005000	2005	21558	924.70568	-69640.433	2576.6563	-67063.777	2.5733665
2010000	2010	21558	918.39646	-69649.302	2559.0759	-67090.226	2.5717679
2015000	2015	21558	923.50568	-69639.357	2573.3125	-67066.045	2.5706624
2020000	2020	21558	935.34942	-69647.997	2606.3146	-67041.682	2.5723106
2025000	2025	21558	920.10612	-69662.488	2563.8398	-67098.649	2.5699275
2030000	2030	21558	923.06045	-69646.041	2572.0719	-67073.969	2.5685812
2035000	2035	21558	923.38416	-69644.82	2572.9739	-67071.846	2.5719318
2040000	2040	21558	918.60861	-69652.083	2559.667	-67092.416	2.5741919
2045000	2045	21558	916.01679	-69653.961	2552.445	-67101.516	2.5698947
2050000	2050	21558	921.30295	-69658.928	2567.1747	-67091.753	2.5715995
2055000	2055	21558	926.03485	-69666.508	2580.36	-67086.148	2.573364
2060000	2060	21558	925.30894	-69664.081	2578.3372	-67085.744	2.5734617
2065000	2065	21558	919.79387	-69633.564	2562.9697	-67070.594	2.5685848
2070000	2070	21558	922.09324	-69681.023	2569.3768	-67111.646	2.5724102
2075000	2075	21558	915.86141	-69679.926	2552.0121	-67127.914	2.5749645
2080000	2080	21558	914.30941	-69627.59	2547.6875	-67079.902	2.5719637
2085000	2085	21558	917.25005	-69655.116	2555.8814	-67099.235	2.5721238
2090000	2090	21558	923.60338	-69645.716	2573.5847	-67072.131	2.5696195
2095000	2095	21558	919.21045	-69669.354	2561.344	-67108.01	2.5722062
2100000	2100	21558	921.05523	-69663.3	2566.4844	-67096.815	2.5711859
2105000	2105	21558	918.98295	-69635.111	2560.7101	-67074.401	2.5719084
2110000	2110	21558	925.21257	-69659.729	2578.0687	-67081.66	2.5703572
2115000	2115	21558	925.0638	-69644.291	2577.6542	-67066.637	2.5657851
2120000	2120	21558	912.80421	-69636.257	2543.4933	-67092.763	2.5678899
2125000	2125	21558	906.7909	-69663.494	2526.7374	-67136.757	2.5691627
2130000	2130	21558	908.0335	-69637.375	2530.1999	-67107.175	2.5733138
2135000	2135	21558	924.89372	-69668.209	2577.1802	-67091.029	2.570067
2140000	2140	21558	925.75769	-69655.28	2579.5876	-67075.692	2.5714182
2145000	2145	21558	920.93696	-69661.527	2566.1549	-67095.372	2.574053
2150000	2150	21558	916.63333	-69653.443	2554.163	-67099.28	2.5727102
2155000	2155	21558	914.31815	-69662.807	2547.7118	-67115.095	2.5749177
2160000	2160	21558	920.14912	-69652.813	2563.9596	-67088.854	2.5700029
2165000	2165	21558	914.69765	-69660.608	2548.7693	-67111.839	2.5693977
2170000	2170	21558	924.76867	-69653.045	2576.8318	-67076.213	2.5680458
2175000	2175	21558	919.14805	-69664.659	2561.1701	-67103.489	2.5709071
2180000	2180	21558	915.44715	-69665.304	2550.8577	-67114.446	2.5708697
2185000	2185	21558	912.82211	-69647.181	2543.5432	-67103.638	2.5691681
2190000	2190	21558	911.42795	-69669.599	2539.6584	-67129.941	2.5724561
2195000	2195	21558	923.04763	-69636.564	2572.0362	-67064.527	2.5725936
2200000	2200	21558	912.90335	-69655.446	2543.7695	-67111.677	2.5723508
2205000	2205	21558	914.81173	-69677.589	2549.0872	-67128.502	2.5737889
2210000	2210	21558	916.41613	-69650.038	2553.5578	-67096.481	2.5714343
2215000	2215	21558	917.36866	-69649.115	2556.2119	-67092.903	2.5678161
2220000	2220	21558	917.58485	-69648.98	2556.8144	-67092.166	2.5744662
2225000	2225	21558	917.79785	-69672.371	2557.4079	-67114.963	2.5745208
2230000	2230	21558	922.33321	-69627.933	2570.0455	-67057.888	2.5719572
2235000	2235	21558	916.11256	-69665.686	2552.7119	-67112.974	2.5696593
2240000	2240	21558	923.81271	-69651.263	2574.168	-67077.095	2.5733396
2245000	2245	21558	920.94621	-69663.058	2566.1807	-67096.878	2.574376
2250000	2250	21558	921.16612	-69638.591	2566.7934	-67071.797	2.5709677
2255000	2255	21558	914.35665	-69663.122	2547.8191	-67115.303	2.5664424
2260000	2260	21558	915.99412	-69636.38	2552.3819	-67083.998	2.5629941
2265000	2265	21558	917.65406	-69638.029	2557.0072	-67081.022	2.5687607
2270000	2270	21558	908.96231	-69634.177	2532.788	-67101.389	2.57151
2275000	2275	21558	918.72879	-69661.978	2560.0019	-67101.976	2.5741193
2280000	2280	21558	921.27707	-69657.786	2567.1026	-67090.684	2.5668641
2285000	2285	21558	914.5309	-69674.558	2548.3046	-67126.254	2.5707346
2290000	2290	21558	915.69165	-69647.933	2551.539	-67096.394	2.5694759
2295000	2295	21558	927.39729	-69643.693	2584.1563	-67059.536	2.5731308
2300000	2300	21558	920.12755	-69677.318	2563.8995	-67113.418	2.5741027
2305000	2305	21558	915.98125	-69675.468	2552.346	-67123.122	2.5712848
2310000	2310	21558	914.64575	-69667.261	2548.6247	-67118.637	2.5712144
2315000	2315	21558	912.2218	-69643.362	2541.8704	-67101.491	2.5685432
2320000	2320	21558	918.66142	-69647.176	2559.8142	-67087.362	2.5748706
2325000	2325	21558	906.12904	-69650.975	2524.8932	-67126.082	2.5732461
2330000	2330	21558	926.89757	-69653.006	2582.7639	-67070.242	2.5693528
2335000	2335	21558	920.71185	-69679.65	2565.5276	-67114.123	2.57157
2340000	2340	21558	922.2328	-69667.203	2569.7657	-67097.438	2.5705508
2345000	2345	21558	916.99728	-69653.751	2555.1771	-67098.574	2.5711597
2350000	2350	21558	915.2107	-69670.365	2550.1989	-67120.167	2.5702728
2355000	2355	21558	917.70319	-69638.819	2557.1441	-67081.675	2.5699787
2360000	2360	21558	913.05069	-69641.329	2544.1801	-67097.149	2.5646829
2365000	2365	21558	913.72141	-69654.025	2546.049	-67107.976	2.5758146
2370000	2370	21558	914.0885	-69641.422	2547.0719	-67094.35	2.5702702
2375000	2375	21558	915.28115	-69642.269	2550.3952	-67091.874	2.5710655
2380000	2380	21558	922.18408	-69636.125	2569.6299	-67066.495	2.5706309
2385000	2385	21558	925.70501	-69652.933	2579.4409	-67073.492	2.5680165
2390000	2390	21558	923.3157	-69656.222	2572.7831	-67083.439	2.5730364
2395000	2395	21558	913.15237	-69659.984	2544.4634	-67115.521	2.5750213
2400000	2400	21558	912.14028	-69643.691	2541.6433	-67102.048	2.5697405
2405000	2405	21558	921.61687	-69651.577	2568.0494	-67083.528	2.5673406
2410000	2410	21558	923.7065	-69644.776	2573.8721	-67070.904	2.5720535
2415000	2415	21558	918.96871	-69665.359	2560.6704	-67104.689	2.571519
2420000	2420	21558	921.72034	-69659.718	2568.3377	-67091.38	2.5727178
2425000	2425	21558	916.38479	-69644.278	2553.4704	-67090.807	2.5694069
2430000	2430	21558	916.61385	-69613.202	2554.1087	-67059.093	2.5685759
2435000	2435	21558	921.72277	-69661.098	2568.3445	-67092.753	2.5686468
2440000	2440	21558	918.41209	-69645.412	2559.1194	-67086.292	2.5702807
2445000	2445	21558	925.18225	-69670.96	2577.9842	-67092.976	2.574568
2450000	2450	21558	909.61048	-69659.799	2534.5941	-67125.205	2.570041
2455000	2455	21558	909.21501	-69658.963	2533.4921	-67125.471	2.568628
2460000	2460	21558	923.80934	-69661.247	2574.1587	-67087.089	2.5685268
2465000	2465	21558	920.77548	-69655.031	2565.7049	-67089.327	2.5728071
2470000	2470	21558	918.03511	-69672.452	2558.069	-67114.383	2.5653163
2475000	2475	21558	915.94764	-69635.819	2552.2523	-67083.566	2.5711355
2480000	2480	21558	926.53951	-69664.913	2581.7662	-67083.147	2.5650576
2485000	2485	21558	914.99361	-69638.351	2549.5939	-67088.757	2.5695683
2490000	2490	21558	921.2784	-69667.359	2567.1063	-67100.252	2.5665891
2495000	2495	21558	919.78522	-69663.048	2562.9456	-67100.102	2.5720461
2500000	2500	21558	920.37647	-69653.529	2564.5931	-67088.935	2.5654638
2505000	2505	21558	913.65585	-69656.405	2545.8663	-67110.539	2.5655451
2510000	2510	21558	914.95095	-69672.866	2549.4751	-67123.391	2.5671438
2515000	2515	21558	914.06922	-69669.554	2547.0182	-67122.536	2.5690626
2520000	2520	21558	914.38873	-69681.447	2547.9085	-67133.539	2.5675815
2525000	2525	21558	909.88921	-69656.766	2535.3707	-67121.395	2.5660256
2530000	2530	21558	919.86476	-69657.235	2563.1672	-67094.068	2.5700741
2535000	2535	21558	929.50509	-69636.368	2590.0296	-67046.338	2.5673143
2540000	2540	21558	921.05917	-69659.302	2566.4954	-67092.806	2.5722519
2545000	2545	21558	915.80092	-69683.832	2551.8435	-67131.988	2.5661198
2550000	2550	21558	921.15767	-69653.055	2566.7699	-67086.285	2.5639004
2555000	2555	21558	926.94344	-69651.196	2582.8917	-67068.304	2.5648558
2560000	2560	21558	925.75912	-69644.012	2579.5916	-67064.42	2.5645362
2565000	2565	21558	921.12057	-69671.811	2566.6665	-67105.145	2.5728518
2570000	2570	21558	927.24446	-69664.841	2583.7305	-67081.111	2.5702419
2575000	2575	21558	920.8466	-69663.36	2565.9031	-67097.457	2.5695888
2580000	2580	21558	911.29079	-69664.396	2539.2762	-67125.12	2.5668684
2585000	2585	21558	923.25672	-69677.589	2572.6188	-67104.97	2.5703154
2590000	2590	21558	923.64804	-69662.21	2573.7092	-67088.501	2.574206
2595000	2595	21558	924.24289	-69655.312	2575.3667	-67079.946	2.5686809
2600000	2600	21558	923.70639	-69664.177	2573.8718	-67090.306	2.5656527
2605000	2605	21558	929.61802	-69662.426	2590.3443	-67072.081	2.5655856
2610000	2610	21558	920.42294	-69669.667	2564.7226	-67104.945	2.5713754
2615000	2615	21558	916.35099	-69667.032	2553.3762	-67113.655	2.567895
2620000	2620	21558	917.42515	-69669.922	2556.3694	-67113.553	2.5712932
2625000	2625	21558	916.3294	-69636.289	2553.3161	-67082.973	2.5643654
2630000	2630	21558	906.45527	-69639.538	2525.8022	-67113.735	2.5678682
2635000	2635	21558	920.01396	-69673.1	2563.583	-67109.517	2.5625816
2640000	2640	21558	908.19196	-69645.076	2530.6414	-67114.435	2.5696053
2645000	2645	21558	918.53969	-69642.928	2559.475	-67083.453	2.5677007
2650000	2650	21558	914.14321	-69658.192	2547.2243	-67110.968	2.5665726
2655000	2655	21558	918.30893	-69648.346	2558.832	-67089.514	2.5686317
2660000	2660	21558	922.38048	-69644.964	2570.1772	-67074.787	2.5711374
2665000	2665	21558	920.44201	-69674.438	2564.7757	-67109.662	2.5701612
2670000	2670	21558	916.63839	-69646.743	2554.1771	-67092.566	2.5685836
2675000	2675	21558	914.36095	-69624.348	2547.8311	-67076.517	2.5680299
2680000	2680	21558	920.41736	-69642.817	2564.707	-67078.11	2.5665624
2685000	2685	21558	929.82836	-69660.271	2590.9304	-67069.341	2.5680754
2690000	2690	21558	917.23461	-69659.733	2555.8384	-67103.895	2.5665009
2695000	2695	21558	917.60651	-69652.625	2556.8747	-67095.751	2.5695119
2700000	2700	21558	921.17684	-69636.147	2566.8233	-67069.324	2.5684953
2705000	2705	21558	921.99948	-69663.497	2569.1155	-67094.381	2.5649462
2710000	2710	21558	917.57088	-69658.886	2556.7754	-67102.111	2.5702962
2715000	2715	21558	920.64147	-69640.986	2565.3315	-67075.654	2.564917
2720000	2720	21558	916.59181	-69652.078	2554.0473	-67098.031	2.5670748
2725000	2725	21558	917.54046	-69634.737	2556.6907	-67078.046	2.5653817
2730000	2730	21558	916.4711	-69631.07	2553.7109	-67077.359	2.5682535
2735000	2735	21558	925.62071	-69618.823	2579.206	-67039.617	2.5664775
2740000	2740	21558	920.32686	-69655.905	2564.4549	-67091.45	2.5671122
2745000	2745	21558	916.62304	-69644.14	2554.1343	-67090.006	2.5640512
2750000	2750	21558	924.66742	-69671.635	2576.5497	-67095.086	2.5668488
2755000	2755	21558	919.90626	-69681.095	2563.2829	-67117.812	2.5670836
2760000	2760	21558	916.17806	-69655.34	2552.8944	-67102.446	2.5661642
2765000	2765	21558	908.33683	-69649.696	2531.0451	-67118.651	2.5650571
2770000	2770	21558	909.12768	-69658.224	2533.2488	-67124.975	2.5692204
2775000	2775	21558	921.51434	-69640.058	2567.7637	-67072.294	2.5698896
2780000	2780	21558	922.6798	-69659.334	2571.0112	-67088.323	2.5701864
2785000	2785	21558	918.4334	-69657.23	2559.1788	-67098.052	2.5695891
2790000	2790	21558	912.1081	-69629.073	2541.5536	-67087.519	2.5665018
2795000	2795	21558	923.06404	-69649.268	2572.0819	-67077.187	2.570799
2800000	2800	21558	918.93325	-69658.949	2560.5716	-67098.377	2.5699403
2805000	2805	21558	917.46764	-69651.902	2556.4878	-67095.414	2.5716669
2810000	2810	21558	917.4358	-69649.261	2556.399	-67092.862	2.5705443
2815000	2815	21558	917.4863	-69642.15	2556.5397	-67085.611	2.5692196
2820000	2820	21558	914.57533	-69636.36	2548.4284	-67087.932	2.5680541
2825000	2825	21558	912.22736	-69653.694	2541.8859	-67111.808	2.5716753
2830000	2830	21558	918.23268	-69659.511	2558.6195	-67100.891	2.568634
2835000	2835	21558	919.71374	-69652.244	2562.7464	-67089.497	2.5690847
2840000	2840	21558	922.80257	-69631.866	2571.3533	-67060.513	2.5656626
2845000	2845	21558	913.09301	-69667.064	2544.298	-67122.766	2.5670964
2850000	2850	21558	915.03143	-69654.448	2549.6994	-67104.748	2.5673099
2855000	2855	21558	917.56654	-69653.62	2556.7633	-67096.857	2.5696602
2860000	2860	21558	913.13408	-69650.684	2544.4124	-67106.272	2.570297
2865000	2865	21558	921.05131	-69636.695	2566.4735	-67070.221	2.5628635
2870000	2870	21558	911.97137	-69631.404	2541.1726	-67090.232	2.5693996
2875000	2875	21558	921.90934	-69630.174	2568.8644	-67061.31	2.5693099
2880000	2880	21558	928.66394	-69662.635	2587.6858	-67074.949	2.5677448
2885000	2885	21558	919.31682	-69658.703	2561.6404	-67097.062	2.5599547
2890000	2890	21558	918.24026	-69649.401	2558.6406	-67090.76	2.5663762
2895000	2895	21558	921.73642	-69638.406	2568.3825	-67070.023	2.566951
2900000	2900	21558	916.25802	-69667.81	2553.1172	-67114.693	2.5683098
2905000	2905	21558	918.306	-69669.434	2558.8238	-67110.61	2.566225
2910000	2910	21558	916.83186	-69656.452	2554.7162	-67101.736	2.5699778
2915000	2915	21558	923.73535	-69634.674	2573.9525	-67060.722	2.5667002
2920000	2920	21558	920.20975	-69656.423	2564.1285	-67092.294	2.5703473
2925000	2925	21558	917.87157	-69649.525	2557.6133	-67091.911	2.5662416
2930000	2930	21558	916.12658	-69654.344	2552.7509	-67101.594	2.5678692
2935000	2935	21558	915.78278	-69642.455	2551.793	-67090.662	2.5667624
2940000	2940	21558	912.12613	-69626.792	2541.6038	-67085.188	2.5663332
2945000	2945	21558	905.57745	-69627.055	2523.3562	-67103.698	2.5673006
2950000	2950	21558	917.05707	-69636.848	2555.3437	-67081.504	2.5670164
2955000	2955	21558	920.84359	-69639.343	2565.8947	-67073.448	2.5670063
2960000	2960	21558	915.56815	-69650.38	2551.1949	-67099.185	2.5674305
2965000	2965	21558	905.62006	-69646.834	2523.4749	-67123.359	2.5662796
2970000	2970	21558	915.88414	-69658.7	2552.0754	-67106.625	2.5641424
2975000	2975	21558	913.22738	-69653.945	2544.6724	-67109.273	2.5679409
2980000	2980	21558	925.67054	-69662.308	2579.3448	-67082.963	2.5671644
2985000	2985	21558	915.74254	-69668.137	2551.6808	-67116.456	2.5690813
2990000	2990	21558	921.52828	-69660.641	2567.8026	-67092.838	2.5663747
2995000	2995	21558	920.95026	-69621.26	2566.1919	-67055.068	2.5640887
3000000	3000	21558	915.76746	-69643.702	2551.7503	-67091.952	2.5683098
