125	130	135	140	145	150	155	160	165	170	175	180
71.793468	74.615782	77.434202	80.248727	83.059354	85.866082	88.668919	91.467895	94.263038	97.05438	99.841869	102.62551
26.884093	28.146075	29.423123	30.715222	32.022575	33.345295	34.683301	36.036016	37.404187	38.787254	40.185794	41.599416
53.74961	55.994699	58.242088	60.492283	62.74454	64.997304	67.250964	69.504655	71.759113	74.013876	76.268625	78.523234
58.864165	61.014915	63.156475	65.289835	67.416185	69.535183	71.64792	73.755099	75.856786	77.953639	80.045464	82.132841
63.58123	66.214091	68.852726	71.497373	74.148155	76.804467	79.46805	82.138751	84.815548	87.498076	90.185359	92.876894
76.44951	79.490485	82.524573	85.552734	88.574087	91.58855	94.596734	97.597868	100.59188	103.57893	106.55819	109.5297
63.107535	65.578032	68.048664	70.521089	72.99472	75.470083	77.945861	80.423198	82.902825	85.385067	87.869817	90.355861
54.173945	56.59374	59.031277	61.486289	63.956603	66.441995	68.940975	71.455627	73.984764	76.525808	79.079263	81.646021
66.702035	69.379957	72.054374	74.722551	77.384914	80.041344	82.691531	85.335144	87.971496	90.598523	93.218251	95.833519
63.808331	66.171549	68.529072	70.879067	73.223512	75.56288	77.896784	80.225098	82.550856	84.872258	87.190463	89.505895
59.550085	62.058239	64.574168	67.102725	69.641523	72.190939	74.750256	77.319033	79.897616	82.485882	85.083285	87.688113
66.275314	68.979925	71.679445	74.379008	77.078238	79.775272	82.470823	85.163851	87.854709	90.542033	93.226914	95.909666
65.729069	68.289569	70.847491	73.40176	75.95375	78.502624	81.050671	83.597733	86.142179	88.683738	91.223514	93.763562
63.115916	65.72818	68.347955	70.972617	73.602525	76.238959	78.883484	81.533553	84.187793	86.848234	89.513992	92.186937
65.973894	68.648297	71.325414	74.005856	76.688461	79.374936	82.062132	84.751195	87.44299	90.135731	92.831961	95.529723
63.613009	66.152119	68.696471	71.246073	73.798715	76.355168	78.915558	81.479553	84.044886	86.613268	89.186169	91.75925
57.988569	60.335618	62.67966	65.021308	67.358784	69.693294	72.026082	74.355619	76.682749	79.007499	81.328631	83.644886
59.976574	62.422309	64.869148	67.320091	69.776274	72.237869	74.704426	77.175357	79.653523	82.138324	84.627684	87.122072
59.212572	61.549763	63.88881	66.227126	68.56817	70.912175	73.257135	75.602575	77.952453	80.304741	82.661775	85.025771
63.693717	66.363985	69.048534	71.746544	74.456382	77.181259	79.920183	82.671192	85.436485	88.215006	91.007736	93.816221
75.764326	78.737347	81.696426	84.64356	87.576598	90.494104	93.39659	96.28527	99.158162	102.01753	104.86022	107.68517
64.739181	67.107475	69.469044	71.823054	74.173516	76.517192	78.851943	81.180861	83.505455	85.825055	88.139164	90.45086
48.598698	50.792575	53.011593	55.250662	57.513091	59.796284	62.103136	64.429415	66.774218	69.136763	71.517912	73.918041
55.832015	58.355685	60.8843	63.414679	65.946396	68.478266	71.014077	73.551166	76.08785	78.619328	81.150501	83.679635
69.448582	72.146763	74.842759	77.537194	80.233815	82.933676	85.632134	88.336567	91.048416	93.765427	96.488663	99.222642
74.86613	77.74044	80.607195	83.469037	86.324467	89.173904	92.013363	94.845532	97.667623	100.4823	103.28271	106.06783
67.653372	70.159139	72.648637	75.126722	77.586335	80.032978	82.466253	84.883528	87.290256	89.686034	92.073555	94.452889
57.25736	59.585978	61.927581	64.286282	66.659587	69.04562	71.45025	73.87413	76.312305	78.768548	81.241521	83.73331
57.369449	60.01169	62.668702	65.340812	68.028595	70.729681	73.443514	76.165991	78.8986	81.640676	84.389503	87.146426
63.852736	66.459341	69.065522	71.668413	74.27204	76.876843	79.480493	82.080842	84.68696	87.288368	89.894342	92.497507
64.837277	67.332309	69.825907	72.309794	74.787232	77.257401	79.720279	82.174032	84.613748	87.040735	89.456067	91.857129
62.89813	65.484618	68.077816	70.676354	73.279507	75.890597	78.509243	81.135858	83.7703	86.416988	89.070213	91.732059
66.892658	69.584934	72.265634	74.936668	77.592901	80.234151	82.860529	85.473414	88.074208	90.662125	93.237024	95.801581
62.899139	65.096076	67.286168	69.475455	71.664953	73.854525	76.04932	78.255393	80.472828	82.706031	84.954836	87.223253
53.771466	56.098643	58.452514	60.834829	63.244405	65.680773	68.140049	70.621424	73.118385	75.628475	78.149135	80.683603
58.324691	61.044935	63.775147	66.52142	69.281107	72.055224	74.84259	77.639618	80.448733	83.265909	86.094658	88.932565
69.407304	72.205622	74.993715	77.766716	80.524478	83.263413	85.981575	88.680628	91.3601	94.022464	96.665788	99.287022
70.943839	73.516615	76.074419	78.613296	81.135051	83.642763	86.14061	88.630367	91.110522	93.586392	96.058678	98.531266
64.321646	66.770793	69.222348	71.672823	74.122591	76.571968	79.021451	81.461455	83.895646	86.317069	88.725185	91.118121
59.85477	62.276817	64.6969	67.119572	69.544699	71.972477	74.401692	76.83423	79.276759	81.726149	84.184938	86.662302
59.519294	62.096313	64.69779	67.335565	70.006723	72.717023	75.463596	78.252705	81.082265	83.952099	86.86153	89.809429
63.805369	66.606494	69.408902	72.208978	74.99411	77.757291	80.497923	83.212934	85.899395	88.554426	91.174772	93.751929
65.912908	68.22166	70.507027	72.763688	75.000111	77.220257	79.428165	81.629648	83.825037	86.024981	88.242727	90.478057
59.22059	61.421183	63.651603	65.920347	68.23154	70.586936	72.991682	75.442525	77.942745	80.495888	83.096929	85.750925
59.289108	62.183681	65.099508	68.030598	70.9681	73.904203	76.834951	79.753254	82.656083	85.526311	88.363085	91.1622
65.527964	68.248325	70.9258	73.559773	76.151496	78.708985	81.22722	83.713324	86.170513	88.602432	91.014708	93.404386
67.013003	69.360244	71.709492	74.065547	76.433136	78.814958	81.21288	83.624909	86.055684	88.511892	90.986667	93.491896
64.01185	66.57736	69.184324	71.829139	74.507235	77.217926	79.966773	82.750288	85.561152	88.396504	91.256411	94.134892
61.93749	64.674925	67.400699	70.114431	72.808427	75.477258	78.120166	80.734564	83.314954	85.853822	88.359903	90.8275
62.164018	64.581298	66.977848	69.355666	71.722557	74.083581	76.433832	78.779341	81.132094	83.499657	85.875731	88.272669
63.073199	65.766895	68.489997	71.236108	74.007588	76.799616	79.606406	82.429415	85.265136	88.10785	90.954414	93.797236
65.49835	68.121861	70.728585	73.318282	75.886209	78.436882	80.971485	83.48825	85.986427	88.46459	90.932647	93.38663
62.408923	64.786501	67.174808	69.580507	72.000539	74.445085	76.918969	79.417057	81.946505	84.508698	87.10035	89.725828
60.916821	63.431714	65.947724	68.460183	70.962511	73.450823	75.920278	78.370281	80.800342	83.205797	85.588826	87.946251
62.974253	65.491359	67.993928	70.485063	72.972362	75.450873	77.927553	80.410705	82.89487	85.378213	87.874595	90.378625
65.627226	68.207689	70.78324	73.362148	75.943923	78.521997	81.101373	83.678211	86.248496	88.810763	91.36185	93.905499
63.15986	65.635482	68.121301	70.61782	73.116681	75.621952	78.130796	80.635751	83.139833	85.638835	88.128094	90.61395
63.774894	66.418825	69.064628	71.712322	74.360429	77.013316	79.673012	82.343529	85.023648	87.723593	90.441194	93.172164
64.69019	67.302661	69.888961	72.447059	74.973592	77.467109	79.925274	82.346625	84.73812	87.106211	89.448283	91.763725
60.562945	62.862517	65.190575	67.541199	69.935681	72.377077	74.869368	77.411601	80.009298	82.658298	85.357364	88.095362
59.471461	62.126656	64.821513	67.549861	70.304799	73.0788	75.861046	78.652766	81.441088	84.216513	86.980445	89.74349
61.0087	63.638295	66.2473	68.850895	71.441481	74.026166	76.608149	79.199892	81.807744	84.429061	87.068886	89.731334
62.988575	65.595566	68.217414	70.852284	73.493052	76.134318	78.777088	81.412209	84.03343	86.644222	89.233225	91.79359
68.716721	71.269645	73.785167	76.247722	78.65523	81.008457	83.314758	85.572482	87.776401	89.934605	92.051987	94.136572
65.388119	67.689714	69.991826	72.298973	74.615123	76.941574	79.283623	81.635552	84.004366	86.384621	88.782451	91.195409
61.141964	63.723343	66.305732	68.893747	71.489369	74.093816	76.706816	79.331533	81.972676	84.626517	87.306054	89.991222
61.727882	64.316551	66.914766	69.526541	72.14893	74.791331	77.439867	80.103659	82.767721	85.442003	88.12123	90.820087
63.939264	66.518172	69.107292	71.711583	74.332046	76.97364	79.640098	82.328024	85.048389	87.796852	90.570406	93.378045
62.698265	65.244239	67.814005	70.404632	73.011278	75.624955	78.25119	80.867299	83.47475	86.057841	88.619843	91.131234
63.376048	66.078021	68.76936	71.440773	74.077439	76.678448	79.240973	81.769383	84.255561	86.698746	89.123657	91.52858
65.490424	68.143372	70.761351	73.346793	75.896361	78.418338	80.912024	83.391373	85.868147	88.353688	90.835948	93.333808
63.238906	65.666171	68.109065	70.566618	73.050161	75.561231	78.089767	80.625245	83.164226	85.713231	88.236893	90.732548
62.037563	64.527809	66.993858	69.42399	71.821345	74.183654	76.515422	78.836967	81.15365	83.48412	85.852152	88.272626
59.377707	61.655908	63.979356	66.375585	68.863723	71.457785	74.17064	77.0034	79.966257	83.037695	86.208095	89.450882
60.217905	63.056072	65.939883	68.874507	71.836235	74.796833	77.747312	80.667087	83.538824	86.352606	89.113336	91.812613
65.700454	68.377097	71.015387	73.609721	76.159482	78.665931	81.133431	83.565067	85.948883	88.281198	90.583545	92.859236
66.685335	69.228126	71.769251	74.286846	76.778056	79.247553	81.672691	84.06433	86.413401	88.723429	90.989237	93.230913
64.391627	66.918728	69.389649	71.810724	74.18191	76.522606	78.844405	81.159356	83.496153	85.88129	88.308998	90.805667
61.885936	64.070797	66.27945	68.535574	70.859803	73.269202	75.79197	78.422948	81.173826	84.044655	87.027874	90.086225
60.902534	63.641585	66.480372	69.407932	72.40875	75.466517	78.549391	81.631368	84.692686	87.69365	90.61912	93.43005
64.491111	67.446994	70.369394	73.242859	76.056692	78.783581	81.42455	83.974175	86.439376	88.833786	91.177889	93.503581
63.297334	65.557679	67.769384	69.942981	72.094921	74.234508	76.388776	78.571121	80.793808	83.070424	85.424221	87.847054
60.585368	62.88946	65.238368	67.643364	70.110256	72.65926	75.268855	77.933109	80.632375	83.331184	85.985588	88.587879
63.604121	66.399264	69.175188	71.929865	74.627218	77.244696	79.779945	82.226784	84.597426	86.912574	89.181645	91.446888
66.644757	69.240008	71.795846	74.31827	76.807963	79.272758	81.729823	84.179473	86.619475	89.060671	91.505927	93.939241
65.174372	67.57421	69.955072	72.303061	74.631136	76.953262	79.26041	81.563409	83.87068	86.190732	88.550873	90.962493
60.15473	62.508907	64.926251	67.417569	69.995926	72.677529	75.46496	78.365912	81.380198	84.507122	87.726877	91.012701
58.153826	60.851446	63.599229	66.402468	69.260432	72.156376	75.090569	78.050331	81.007415	83.950092	86.856027	89.715478
62.380677	65.171581	67.956879	70.733333	73.48637	76.194892	78.851122	81.445293	83.964062	86.400458	88.760675	91.036101
66.249636	68.824272	71.326548	73.74733	76.055986	78.25993	80.361455	82.358879	84.28283	86.153539	88.018115	89.926689
64.343149	66.472513	68.571428	70.66879	72.800785	74.998845	77.284567	79.67292	82.200741	84.842608	87.584375	90.40232
63.156656	65.85613	68.66243	71.547391	74.500302	77.501142	80.503068	83.482492	86.41547	89.279641	92.066501	94.773326
64.658584	67.566553	70.400687	73.14643	75.804614	78.387645	80.910243	83.403798	85.886294	88.392035	90.930858	93.495497
62.701186	65.040843	67.388393	69.785117	72.239286	74.747989	77.311664	79.921	82.553208	85.189816	87.813703	90.417025
63.896979	66.557729	69.211615	71.847683	74.439035	76.96681	79.439878	81.858058	84.212468	86.512338	88.776756	91.017735
63.966118	66.278983	68.561645	70.819122	73.058492	75.283289	77.507403	79.731582	81.958334	84.211515	86.499351	88.826868
61.952001	64.454093	67.008293	69.617765	72.296511	75.049267	77.868698	80.750738	83.70312	86.714779	89.771275	92.84051
63.322538	66.132601	68.946892	71.747375	74.520741	77.266515	79.93512	82.50715	84.961614	87.27699	89.458111	91.527631
61.846481	64.257108	66.576301	68.801235	70.926738	72.97932	74.991444	77.01039	79.076216	81.244383	83.520938	85.944693
59.884529	62.375462	64.955245	67.656116	70.488538	73.443183	76.54046	79.763504	83.112199	86.557049	90.083729	93.649503
